1570656268930978
1570095561982321
1570698869611201
1574770251624369
1575457117439104
1568825895705004
1569707989262531
1573146559456559
1574119008075824
1571827704566051
1568118795198607
1574342667102859
1568189398628498
1568825705771733
1574119397403355
1574198612978516
1574419572511752
1572963781478503
1573049733957650
1575374374961623
1573590498885792
1571751715675182
1570020287115550
1574901460368619
1573558327727204
1570800840064886
1574342808865851
1570823848390392
1571829156075417
1574899439512467
1568295688714797
1569413555893433
1575292848850422
1568800546017307
1575374616535466
1571398597120687
1572521900987729
1574611948734858
1568720841086510
1572947925144188
1574981632709114
1568038361482443
1568570064328036
1571692159508796
1571394267134652
1569514490348803
1571584747006997
1572391790371800
1573138643949863
1575293022200269
1573720083527638
1569855927964609
1572806477613950
1570367405344749
1575457998172527
1574904086288104
1570623225227518
1572392992558905
1574881363205516
1575293184430829
1573467948258377
1569923019172828
1570736793099000
1574008996777345
1569318834533058
1570113450885875
1568052309303553
1568652384016457
1574108028172901
1571829719825092
1574524154743358
1568984169139703
1569521972578641
1573239165041327
1568896366527169
1574342994189298
1573478696870271
1571053273567178
1570640318185916
1569415112823621
1568296502391432
1571657124572714
1570612835853367
1570021689861171
1569725679163470
1573492444630903
1574105818987803
1569746315411305
1572962327607542
1568725914713726
1575293700655982
1568506557055207
1573741823068428
1571309807413259
1568580836156839
1570480558940344
1571929288288118
1573034008575742
1569415972445978
1575293625651686
1571929378978834
1574931482508397
1572518504115228
1569337561772598
1575543655636225
1570106214678198
1570125944252215
1571395894063172
1574931697304996
1568849699778942
1570273890986368
1569434620209934
1571334345492425
1568295406494250
1568587830155816
1570544638911235
1568049960720851
1571653808263951
1575372105286138
1575376457680186
1572261795360142
1568979224701166
1569959056038431
1571752761167868
1574013334618607
1569924937328930
1572549484814621
1573235247688879
1570023394191498
1572337841639893
1573670986645021
1569244434513904
1574344183871561
1569315959822605
1573670501197441
1572559224693169
1574529209098005
1575293999963980
1571746683580562
1572612667007486
1573819104673783
1571396612323369
1568648353303975
1571830954990369
1571930163739308
1571137287509928
1575376216211950
1571830995139711
1570992340350137
1571161362036003
1573139571881656
1574422195769286
1568821000404138
1573642036575565
1570034887969373
1574422220115349
1571831196567882
1571146235747001
1574528962278655
1575378038245919
1574792465188775
1574196604202135
1571831280470670
1573654432394665
1573768183940144
1574344449825948
1572253905479755
1572358586031856
1573254984475598
1570443711132142
1574934034516454
1574782455104510
1571983575869445
1571570045474813
1575377021618694
1573742874973441
1570025743961497
1573929007472116
1573647944481558
1571397635453589
1575294706777390
1574422369553680
1572516694168064
1568283439716428
1573140325730603
1570734459547693
1575113248623252
1568284155614276
1574183147089351
1573207721920268
1568195052431939
1572699606447162
1574530790981393
1572878921469784
1574175338804978
1571569487009467
1573042346343830
1570444458167051
1569326118624352
1575460698775177
1571597252323904
1574583357450807
1572905811176060
1573849795642581
1573732534779296
1570543493260084
1573032326706072
1573810298525665
1573840671776106
1569004203766731
1575460247649444
1571932228068640
1570303482653603
1570735881925563
1574124391134212
1572341835795141
1571665409663900
1571569142109132
1574693519206490
1572544121744018
1569499963261750
1574935945195304
1572018910414240
1573737694987001
1569926511163120
1575377416296502
1571393716950007
1575460737289974
1569761664343009
1572957946965651
1569926812911102
1570736574565682
1571144697415530
1570736837262960
1572963423860746
1569412215500073
1574333257045269
1574242434997245
1572004535157778
1573343827237040
1571582274017684
1570616087676798
1570738304269551
1570369809717082
1571313332665508
1575461833199208
1572019337191015
1574180995372244
1573051187841802
1571051439036856
1568302770598573
1573743363458381
1574860356591264
1570026700782967
1574080078532369
1574258479524256
1575545765089260
1573568718376156
1568207656642991
1571575366995858
1569750789935922
1571302404094630
1575372532205586
1574936591714729
1570948838186672
1570437124875578
1572711147183436
1569833614536352
1571516995091958
1569313605873346
1571935304724531
1573475290547602
1572860902901910
1571583924185863
1574345011505123
1575461393215451
1575546010662141
1575120215226985
1571666155631679
1569767803236863
1571664784746018
1575275582919776
1571495205088007
1574419780330573
1575378309936295
1570119673480196
1574866558326102
1574025987718435
1570883022062571
1575321212045515
1575121794069275
1570307023865352
1574778365382352
1568399201887385
1569655340328196
1575461797720742
1572357383023322
1575295861302023
1573821030790350
1568982072533103
1572861442834561
1569928989801413
1572714178619633
1570617361428732
1573656279683936
1569577079690432
1575546356046040
1573037624850290
1572883596193834
1570028255494576
1570023277209979
1572264218442430
1571578170431995
1574024225504822
1573732710328397
1571133454780160
1569929094276731
1570028356728484
1569420719599996
1573052064126473
1575378664122119
1575462039727560
1574544557994044
1569075206114764
1570617491064118
1575124895932755
1569772159383020
1569440106801797
1573637932858420
1571324996806221
1570453281687607
1569441717602103
1571144912640920
1571519409633191
1575378798335116
1569777402757706
1568130501188947
1570029628454685
1572097199661127
1574186224403734
1572344357587714
1571043956491887
1574937996989908
1571133950855391
1571130077224063
1572992429076437
1570029591580110
1573051969120615
1571760867829588
1574186814241999
1570813428881449
1572254659121569
1574330712059398
1571749999822421
1575379150906981
1571833462013427
1568374875007289
1571225279982102
1575463096222214
1569663591580523
1569930436466055
1568299748926185
1570445245644070
1568810888859109
1572715187750764
1570534135682538
1574983222212228
1571391734923634
1568674898293786
1568319019226246
1568990057325536
1575462948593814
1568626940848306
1573399230098254
1573467433494396
1574779100328452
1574260151896259
1572255603485042
1574983863180569
1573653207278731
1572715992634377
1570099058987546
1574246446116843
1572901562870944
1572024451818039
1571316015701763
1571851849279792
1571750323319092
1573116801866103
1573656742376134
1572337257236895
1571510293014051
1572887636523744
1570362113630257
1571402170188739
1568983770509544
1570643554956768
1572372070354906
1575297614823131
1573248983409996
1571316499037486
1570665032994004
1574883831311504
1568321872343704
1568202125334122
1569843113928059
1574143219228725
1574771655129039
1575135601149534
1570023687623009
1571989343961760
1568047162115060
1574939563511941
1573340170467984
1568628564790285
1574032358351457
1574862262910810
1574345647985731
1574424471227062
1575235893327705
1569492925228033
1575547588668817
1575297816826049
1572030214274055
1574333278061097
1575096781650388
1572602478166837
1575538117248767
1572718920417444
1571226581388541
1570267748932418
1572968268890815
1568041761758891
1571001828604491
1570094963658167
1575132994253981
1570033641611024
1572720895713187
1571323956964111
1570175125795888
1574424618352419
1569420047204442
1572514753386362
1574950369306188
1574128403564563
1570236495018911
1574054972787080
1571316427785198
1574189381786206
1575297608160847
1575133465055483
1574132288273183
1573139854639144
1572964760108020
1570912399227366
1572189012706450
1574779267780438
1574764967565602
1570879740730655
1571226645654888
1575381742898189
1570557039280679
1571411290050588
1571502855056588
1572340723661027
1570627029595913
1573841227507383
1572101328899531
1572271622051913
1571308060995333
1574940624381449
1571834695662808
1568729239001569
1569262340004255
1568460156657650
1569401512684185
1569871026262399
1569941976579033
1571212037582424
1571402756099144
1575298624758218
1572885643425291
1571345214504314
1572038403657311
1574579517497563
1570150327180759
1570161048984916
1568216539945554
1573252467651743
1568877688257099
1571317154814862
1570038975911007
1570556000299296
1572553548330087
1575016130554917
1575381335739071
1572523713572250
1572265701897485
1575464567565297
1574150470279420
1575139076866283
1575298345208964
1571311553962745
1570040418541276
1571384122094647
1571934910148656
1575381569498212
1571751563697734
1569520620140739
1573566696895817
1568888901620682
1570041960761544
1575298118411142
1573733982828122
1568817786678630
1570042020401451
1572604963023861
1570173799525855
1569853704496986
1571317543867407
1574683343910052
1569799733489262
1574425273649130
1574560535845074
1570638020828518
1571403257339989
1575298238847167
1575146566248583
1575146702722244
1575047349023915
1571052794762938
1569336837714277
1573658167441658
1574261623339035
1572870501343133
1573267589191246
1568553483402772
1572452446246521
1571668978999366
1569963639180264
1575548825973929
1574341032297261
1568986056409156
1573224882957963
1573516694075268
1571403531428590
1569502293771552
1570700358316514
1575148562183046
1574262734310592
1568274908813606
1573132240180196
1575464752946690
1572445535442423
1569940785628791
1570978954422106
1572706759364860
1574261876015373
1575456978658596
1568323355353788
1569590659395223
1570628473527055
1568629843742915
1568131037919847
1571937669111759
1575149491988448
1575149803364809
1571928187804686
1569942644228565
1573055258124170
1570392345634553
1573658964083034
1571248922260361
1574588517235196
1573862302260631
1575381861868179
1572435715881045
1569829637512982
1570534898189978
1572554038156792
1571598363648981
1571067323193561
1572882527647595
1571583362221501
1570392560340563
1568888241722495
1574358086461080
1570115195373224
1574197721820585
1568287731691882
1571333955333572
1571310602378788
1572966466757794
1570615595360648
1573144768918519
1573054957436233
1574262803184902
1568888655611523
1573842570946939
1570799325635162
1570527875680522
1568888643061567
1569758650215092
1570046812794247
1574780588509266
1575298886098170
1573843850144203
1574942552583194
1573593569724007
1568306005241859
1569927889001124
1572120642239331
1572874617628015
1575549753891711
1574589666094491
1571671042328836
1574864061583475
1572018402866071
1571502176017111
1573740216456398
1571607385742563
1568207901053820
1574694728781455
1570896303551450
1572907689860577
1571837373229600
1568900599561332
1573852130719254
1571229294687142
1568368002317181
1569420877921131
1573478921210533
1569832565511190
1574199575236884
1568732497631374
1572703268572075
1568108518100618
1568368456983090
1569575786897241
1573852518490015
1569574123261773
1572169811145720
1569660315178105
1569453699341527
1569453958229686
1573853362743988
1569833856338855
1569265907154454
1572782246214216
1569948405691594
1572360900916085
1570638752757968
1575299996942737
1568039904131133
1570365097297688
1571753263780539
1573460422141037
1569421846361052
1572423318820388
1574201072806175
1572406101093115
1574944495247606
1571917955455698
1575551081804101
1570536317940030
1574201836820058
1575383483697150
1570801943403740
1572996952656895
1570454833281782
1573661049209343
1574696616759998
1570185788775762
1569933258547606
1573557575359595
1572431766435559
1573745872820191
1575299586453095
1568989262544071
1568041622546030
1570364859386110
1574944219362236
1574692327626600
1575382958306255
1568884131305863
1573861628492258
1568980811099105
1574151903226756
1572329263374646
1573056144931497
1568890592139220
1572349453843036
1575162496577843
1569173131301794
1574427748503249
1575551233867485
1573056413120491
1573056426262058
1568636958655345
1573479574067709
1571408449175662
1573486721168975
1571576282993217
1572817269538107
1572967687509816
1572785281038754
1568211029537276
1572518644765361
1575300324894382
1574696585189888
1575295961111407
1573479695715442
1573294957120581
1575467503177259
1570027414963158
1575300024724087
1569697855393108
1572355916026614
1573889865279732
1573228270575758
1568147200946383
1572888689355448
1573653478351316
1568732838752822
1571404553976672
1574945200953511
1572518736085314
1571735275872164
1571407316262447
1573145883368431
1570993999445616
1569175307914359
1571407453393237
1569344402752383
1575552176895558
1570266513880315
1575300331257623
1573746490854877
1570042153831656
1575384611314098
1574782663859665
1573483992015746
1574356275094878
1572269387473843
1574945703543579
1573912999658355
1573920284929100
1574346268335420
1570025374395478
1574603857621192
1572791041472366
1575196492790182
1571932455440827
1573725605884243
1575384232368622
1571323438228218
1573649438065996
1574331013798601
1575196655993540
1575300575101438
1570702962145313
1570531074176225
1573546426696636
1568742898517890
1572123107270577
1573653340256834
1572558989310464
1574946128506316
1575384396249188
1572382428427320
1570621749090719
1570449416471388
1574782365273843
1568821650728075
1572086932697837
1568219154780686
1575379496645970
1569837099933513
1569364288251474
1573650481168299
1574982268595819
1575384599935187
1569775709595159
1573057594816436
1571823058335409
1570518701656000
1570285683714443
1570007299372394
1574267478471278
1569939083726216
1570016486943545
1571323298054670
1575467690700079
1574096628175434
1575300985672044
1572782126255206
1571745729500733
1570699448730264
1568373468825917
1570539318747362
1571293075832889
1574072802764129
1572092107031679
1569770850582320
1569837686541471
1571140678664526
1568466721934722
1571914114451577
1574946908772930
1575385005180045
1573905423703854
1573654729272491
1571755475267544
1571672108725212
1575301198994175
1575296496266666
1571755526684580
1572882284904965
1573919055571653
1571056486592263
1570962790510258
1569595694295437
1572268447904680
1575199495050604
1571161291231667
1571664439816034
1573149318621562
1571662367972373
1571599306832583
1571595832065706
1568219800519389
1573058442648724
1572087341007766
1570995032295403
1570297960916484
1569964476099815
1570732757589714
1570184850730508
1570478971235854
1574198130738954
1572350672232357
1573569011447686
1572959729180763
1572606217469394
1575202369521450
1569246283466613
1568752882887696
1573149754863157
1572520144318667
1569933222230719
1573591527046026
1575203689507039
1574267615863924
1570703569279752
1569936617980459
1570644157461370
1570698842351438
1570189648998176
1573153035072901
1569783855285161
1573654202423959
1575554028958493
1569427318220411
1571485809153489
1569246470880907
1575209022960884
1572015017524400
1571129763808452
1570273478527378
1568205696626156
1575468593213103
1570699203705659
1574922521519776
1571314922634672
1573030069948877
1573564645864901
1569741399313311
1571756171924552
1572436174148884
1575301957667269
1570812206434280
1575301998354091
1570807153077488
1572088375838068
1570038523557468
1568617715572148
1574519877495526
1572795538407009
1572604978274145
1571411078608789
1574161118601933
1569941290694930
1568885484993007
1573660659207308
1572435389286661
1573569478191298
1575302119468935
1573557757980440
1571224342530261
1575385925737411
1574607967347242
1574240444562462
1574948303718153
1571593179455622
1569926465214713
1571756624381293
1573054469213369
1575468547408619
1573151653323705
1568377825439189
1570549729434518
1573481058724698
1571156325027412
1570275086610512
1571682316456351
1568819673738444
1575023990416419
1569840426187910
1572273141161439
1571411702648821
1571309143420810
1569535790184804
1568727329565618
1569851663488796
1572969264775331
1573852169553111
1568735890103248
1572435926415823
1575210039309347
1574268723623218
1569942990186086
1571928561820894
1572908510775638
1572269538232270
1570389286487249
1568793116723927
1573229471220970
1571317419233163
1571144087019306
1571927870320091
1575386666514753
1568277304119585
1569841077651550
1575386675286955
1570389181209219
1571761166501258
1568376531063945
1569027109087662
1570879684812394
1573481479181643
1573156705431620
1571902620675359
1569055603762118
1574785221477854
1569424941638192
1570469961606147
1573200769551152
1573830835623898
1571612856806285
1573029810832869
1571340409823512
1575212440548646
1569085715571248
1572607895040341
1575303195296018
1575303135968742
1575313040153934
1570703562711611
1574434391932113
1571157925809696
1569856623812829
1569676759869579
1570005743717594
1574430693270319
1569948938956506
1570205213984779
1573156286606780
1575214081716854
1571260058050789
1573156387891331
1571758270610215
1568381131679918
1569949191091643
1572801368812985
1571301244997986
1570623159864633
1574785282418334
1570451429816781
1571178287406749
1571413832370284
1575216606464167
1568226286304822
1569668075123690
1573309379240393
1574172869460676
1572436712448176
1571498671251265
1575214987777083
1570749473490597
1574699439847917
1570613598434460
1573014133465548
1570478549178693
1571693354674300
1569942353883014
1575215290581922
1573402955178416
1568741721433564
1575387676863636
1572803554359409
1574698317789134
1571742628789186
1575303895816107
1572270452932689
1571475000787425
1568305526614909
1571056023152951
1571007145806123
1570281994584849
1575387589074958
1569954091367457
1568932619598333
1571329524565371
1573157957394052
1574242869020828
1574699572892845
1572096607635459
1571505413630851
1575217562106685
1571400148606055
1574614087420388
1569858511055057
1573305792052720
1574271220890611
1570169360729264
1573229636030546
1569338537223021
1571048367791437
1573730687476223
1571690008541315
1575304391404174
1569013572406209
1573393292842196
1575218193685709
1574950200140200
1568625791939255
1575025686241639
1569854677909815
1570567338241116
1572253818555063
1570567455263703
1569594096698439
1568896721492398
1573221035613378
1570570034603100
1571296222026800
1568280417866399
1570092346690659
1573571339768975
1572352677106529
1573940177325257
1573564853934156
1573482349963988
1573903253924120
1574347165109561
1574950803212075
1574786636836536
1568379819269143
1568287061569930
1572437767047152
1574023310305020
1569258837239412
1570037768564783
1572522789802328
1575219936309078
1575388302842606
1571655444333163
1571039874630838
1571692783702096
1568285704092245
1571237551789899
1574075387737261
1569312271357048
1574700103684105
1573062819496402
1572437639482579
1573655337169318
1569958672137650
1569065613383318
1573647887908146
1575388378630539
1571331999456995
1571331840844746
1570284338955790
1569060449759724
1570640302379103
1574620400497037
1571146073475889
1568889385593270
1572968664939596
1570284636775650
1570029621074753
1570452371524209
1573662361527247
1574616170113853
1571844093169637
1570091432080619
1574786585634502
1574431871014917
1569789992483502
1569491128001205
1574243231999004
1575305246704734
1572970470746389
1574786410690943
1569591319152285
1575220783271445
1572359091337382
1573549915706288
1575557363360548
1569588861589674
1570456896769959
1571934677807965
1571658150555722
1568800210269424
1569846159466561
1570182721651226
1568987711605980
1569963344348040
1574092205223879
1571588588530213
1572472428352659
1572103606948915
1570887905700124
1571863876111301
1568162062837323
1574431452207971
1574024231902291
1571912035716219
1572257694340706
1568733550926206
1569965621396295
1574617008702719
1571131355295262
1572292797959623
1569523210917375
1568286178535404
1574964936180315
1570873895295945
1569586992873025
1574245513921671
1574950535587455
1568811810482614
1572354415569505
1569589341337908
1573384904294504
1569664203067966
1571145842107948
1572810819711191
1571738937789511
1574617493915768
1573168381395581
1571148781723709
1568045807896847
1574441108615188
1573901361498995
1570984000884323
1571831139419183
1568727099019234
1571924543161630
1568387541632652
1575222831953594
1574243703549659
1568746142308881
1568748455052080
1570702561639989
1575222723766302
1572102264650722
1574347098152639
1570452936091546
1569448181311731
1573662927019101
1571485232601997
1575306284241472
1573123098708469
1572104824236232
1568899693956275
1574950733893515
1570551440231272
1569408327171324
1575306888684341
1569163981932608
1575225209912340
1571423575507182
1568128613556449
1574962497814843
1570184078564176
1573164607246153
1571497221017291
1570135094610856
1572519838903545
1569590844993957
1569435141253731
1572885236636080
1571426410827749
1570917842925169
1574619925445307
1574625244262976
1571057861930060
1571061108075796
1570093397351613
1572440157548193
1568450348461897
1574595368370923
1575307179823432
1573172042777245
1573312003980608
1569010960056232
1571155000041524
1570530301861492
1570444335856967
1570617079035308
1573754816133745
1575226735356481
1571135460241392
1573754937030606
1569592224544723
1568839632036102
1569531097774843
1569201412674090
1571128236289431
1574073793829475
1569001155716102
1568641273892540
1572122413962216
1570713220394478
1570897176036827
1570201632212942
1573850933111679
1570307138637324
1573906481272238
1573174497704476
1574701399644597
1575389821976321
1572818053771318
1571433534715628
1572131123095266
1573060066197905
1568653346588955
1574163519870638
1572284290702022
1574702082748661
1574163524169018
1571121292964807
1569849580223031
1572646063897405
1573046960963666
1572355052598590
1568800431124317
1569248115036051
1575228444672729
1574255814829093
1573572214753892
1575389928976778
1570020913867640
1572128711054507
1568901545538747
1568289812572858
1575229100098498
1570567200855696
1575229323084424
1573192947603429
1572355207339791
1571148873154367
1574789050786146
1575390060787999
1571938014318081
1572685810807028
1569593696646236
1570625126891714
1572967235166952
1570902424094592
1571144467144666
1571869578319795
1568233954185202
1568901865824495
1572282340448653
1572439548468640
1574275922179074
1569233068221975
1575308333623262
1568291161434839
1574096636547558
1571767024938244
1573138499708603
1568404528692250
1570311724616387
1574551640777740
1574432398195700
1572647929635328
1574276090020165
1570403571936578
1575230126668249
1569594422148521
1572116129130290
1572953218331375
1570048464679221
1573758452406927
1568199003917087
1571053369337601
1575308865713903
1572361583778602
1570904401894606
1568068547483064
1573757436354351
1574626205217934
1574276443121793
1571131957006067
1572737242336504
1568298093271262
1573505460750907
1570880068297889
1571242629910311
1573062387059665
1569595052915386
1570651654080819
1573484390555309
1570862228540101
1575028512987045
1569595716712450
1570705756479236
1573759293430225
1571058671184047
1573558669743363
1573424946094213
1571263133626813
1573319643986564
1574627808743714
1572851287710356
1573227994821399
1575027571015763
1572972977255591
1571314228283166
1568651338774336
1574639129603949
1575391318299506
1574079366330643
1570960810575798
1570031233586307
1572121406616433
1568730256678776
1572887439676475
1568643862470324
1574707024028858
1568210214155282
1574628202353050
1571230147909592
1572537558340037
1574348367262869
1573915233076102
1569113817185079
1571244053060696
1570095937437224
1571313622456063
1572019223098886
1570447390926112
1568702543697190
1572013594903337
1574164592401051
1570182346076775
1572880126329854
1575310811963053
1573320374208657
1574089292301907
1571310005138078
1573323492210464
1572706642595761
1568294803850115
1574283871852782
1572601233039545
1570660160641949
1574792109424412
1575311206632030
1569836987651278
1571501907011112
1574348375721534
1574347558075072
1575027882093491
1571851874022059
1572034769842506
1569509422515099
1571054715418426
1574704499037837
1568882993738395
1571852104789798
1571238280668685
1570321104861180
1574952294401985
1574432910035707
1569502690107111
1570185369754426
1573573024917826
1573328298661323
1572387649537138
1572871684981848
1570962547417062
1573131234405049
1574792830120040
1574240460021005
1575313449528827
1574246253818580
1572875150256080
1568718045722823
1568649909803534
1573034998199255
1573484791628168
1569847995620155
1574434230431947
1573372693241661
1572512606784262
1570185480900981
1574280687872665
1575311845082068
1571067050791215
1570350759729335
1574701227544472
1573739967969419
1568887346229547
1574631320365220
1575200488187781
1575028015651403
1569253096281072
1573221469261793
1571255739543806
1570969045253337
1574632133395255
1573036101286424
1570376460282710
1570456752537870
1574434123611365
1573072175505878
1575392744432679
1574633252203320
1574375057965212
1573915778883466
1568648166198331
1574694232154942
1575312769623895
1568231674198331
1570031152512813
1569617716968211
1570566082697788
1568629989880727
1571853495545229
1570062463894343
1568803559255376
1575393020194744
1569602705666158
1573324407905479
1573573384449840
1568488499415288
1569603553710759
1575313353244569
1572015465691669
1572461961553369
1575393233028648
1569850810056910
1571251589814488
1569617897465417
1574079482482666
1571278971467252
1568883284871739
1574284305738266
1570547002713053
1570630081101711
1568651465900829
1568883762722032
1574165281123039
1574620606816303
1570626337738561
1569941840193458
1568728403854902
1569204249940007
1574284778715551
1572762929318278
1570966547884734
1570096191729751
1575394069561405
1572980832589690
1575394123638587
1572175626178236
1574512923581522
1574285082795585
1571059957268462
1571055485090402
1571845110203820
1574617270301745
1575394625355052
1568968074375759
1573573891936271
1575394639982537
1574781830209556
1572603694190122
1573062132955134
1573044742471421
1568804488421493
1572274958023308
1570884831331264
1575394800101545
1575017700464115
1574165529502127
1572696607624492
1574708835109754
1573650110730873
1575314506498862
1573925998907540
1575452949820720
1570975342158780
1575453153704550
1575028658309947
1574071802238621
1572442033501925
1570888581806524
1573926696413344
1568805208706329
1569850598116159
1572534786034813
1568627895885848
1575317413706541
1574797102947343
1571779136372006
1573978283379545
1573929185938698
1572960550101662
1571047232475184
1574709475026423
1575262826280033
1573578266810795
1571154552905467
1574165772604968
1573649386490774
1575318544455073
1572264125458255
1571856564906156
1569302333827393
1569973331798891
1568039342389574
1569166571583566
1573078945493162
1574662523511302
1569317088632582
1573485756031389
1569772704947113
1570970752968109
1574357663803805
1572463669072668
1574186127574813
1574080304738467
1575272575417363
1571772357284711
1573650160950850
1572025335851955
1569350108668492
1574168754723582
1574291979667218
1573562253846335
1574080422454898
1575273285859381
1574803322543837
1569861993187554
1569603513341174
1571910581491070
1574349200314412
1570561492239263
1575388858907100
1571905518457129
1574710104033772
1570825388925198
1573227433763525
1574802341641051
1573039401593853
1573934662000111
1574952947196131
1572968704189392
1573081019628119
1569593209546790
1568552610824072
1574166194646249
1572197018607648
1570030062767517
1572528063757971
1573563745732000
1568195718715915
1569267842302644
1571262319309756
1570976760858174
1569170584580965
1571863290723673
1573936281033001
1569583746550538
1575474155169949
1569354213668173
1572274552715861
1569354412479166
1568806360444121
1572556876117000
1569268642821437
1569268666619337
1572345238324334
1571737691438414
1573222307769575
1571061423877603
1570801688622306
1574290795247908
1574115350987970
1574710560332031
1568184612426845
1575316039990430
1568918824792050
1569356022046434
1572269172413889
1573595570541080
1571215517658002
1570951000383168
1569269477719365
1568603855989037
1570628207292919
1575396361645109
1574183056452178
1568215153603630
1575274802040299
1568152443930996
1568559499349741
1570360564673875
1570977458941090
1568559760440823
1571861270644539
1570540893247836
1570283183980606
1571157456760433
1569357964728252
1572979130513790
1569271215801679
1573582538333529
1569862679032270
1570835129454903
1570187556198771
1569927762162670
1575316889530450
1573146746841952
1569174463063952
1575316915162880
1568949993376789
1570318298368519
1572524781790501
1571746390185879
1574531964613077
1571320937038783
1569363188453776
1570901607842942
1568116671250880
1572443562915452
1570358369239371
1575397539424286
1568710727998177
1569843498369028
1574719853511441
1572991229131228
1573045947076048
1572377211422017
1572214899972510
1575474861548972
1570192786862386
1568966288919297
1568808314696905
1574435528367974
1572960639280511
1573553365811648
1574776095053830
1574795315757350
1569929736481228
1571999549407054
1575277037915458
1570018217245372
1571828824155098
1569834757580595
1571228294845114
1574082285773281
1568711508034240
1572872686936335
1572982528315554
1568052493876968
1569867260419471
1569867428427036
1574287686869550
1574157860642612
1573670510055275
1575475134738100
1571163559151934
1571305414103952
1570453810801307
1571058529930856
1575536192048722
1568823064196949
1575319100430138
1573476386894106
1572001490666785
1572708634005635
1570294808460510
1568571265860132
1573985729931870
1572881394051121
1571032499142610
1568190597637330
1571057443222952
1574084190680478
1573045039245360
1568712940565569
1574713687437725
1575209163902927
1570008092671818
1568713397360462
1570968212305037
1573129885136350
1570705497342990
1572861855655255
1568656627990394
1572983241774069
1568968203321484
1575277370928266
1574953487229654
1574380123335044
1570981735514852
1574805672228067
1574256033505787
1570534387886787
1574199090581665
1575399876120774
1570628596180550
1568810751192141
1572530028416966
1571168124188022
1571168274970633
1575388715570877
1575367416098784
1568135570128922
1575399775542078
1572283579843788
1575319784866862
1569231729808610
1570011210471160
1569591596149251
1573143540160622
1573988919045873
1569235568291812
1572988855358489
1569230115167797
1575319787623955
1570745681530604
1575277691541608
1569428953253766
1570117480569490
1568714923856189
1571062462544138
1574714725359269
1572530354459424
1568114245411328
1572965125855460
1572190111543026
1573389515813915
1568715089087949
1569875836195608
1574714732096474
1572622913650856
1570541542898714
1575320200640865
1574167921681509
1569510468602452
1574718280665556
1568299006542757
1572984273041930
1573250590906018
1572600983628556
1574083415694777
1574714837079250
1572362495998767
1569878022336515
1573069181578253
1570114367831663
1572704516411140
1574596952043918
1571051543107494
1568387163546172
1569879125559466
1569862392238410
1568212698533133
1574083415645142
1569590917053259
1569236238508023
1574168263456567
1571055863965621
1575120257917939
1571174833267941
1574450291059054
1574094685263813
1573992218802851
1570734620002164
1573209110261486
1573141934361376
1572809678365073
1574326191067613
1575401546245906
1568812805511078
1568111379909713
1575324046392640
1569229244647117
1572783823235657
1575234065414862
1572985866788514
1568109314721995
1575321660075725
1573736427727510
1573994511608803
1569062007468995
1575474964385553
1573420627399343
1568115020526073
1573661177842451
1568116575496894
1568116889592883
1570391667662705
1568117482344003
1568118924037692
1570376536594999
1573228634128021
1568120115770016
1575375548722056
1574346216036351
1569406374357861
1572476093380127
1570376873583753
1568640342271314
1573724642065320
1571665415065629
1575476433392326
1574084067307429
1570383567907876
1572193366458460
1573386645340694
1569242731656665
1572445564052119
1569237607387353
1575476794028170
1572531204877294
1570883964506320
1568127373886046
1571077446822483
1570986850822501
1572276404446298
1568816642298104
1570986966547513
1572023241441607
1570523532469656
1573481952451125
1568972421925589
1568133015491773
1570457493555460
1569230878829088
1568128809383186
1569241591886222
1574168774278864
1569082354889908
1568139917264903
1573675113549491
1570103754011849
1569835563330679
1571063467698556
1568820690472181
1571063559866921
1574362557650510
1574718305529498
1575405876149224
1571838138235148
1574081338318805
1575403605917805
1568207235121426
1573386083929479
1572963824423466
1568302004053601
1573402751525398
1570199156177949
1575285350361879
1570889867235982
1573215607674867
1572186333738618
1568822653907336
1574796714940001
1572996278265868
1572307213248169
1571683687294454
1568974314199561
1568824041464269
1571256443283440
1568184941758892
1572898089686193
1571352101569764
1574260830662072
1575406111496487
1571927931922760
1570460799993914
1568291268240972
1574073576254651
1575280481899616
1574720925598192
1575325843654314
1574511766123343
1570190890009480
1571776589851544
1573810657942972
1568623196164264
1569175301700374
1570450394900448
1574384531829861
1574170726725067
1569238697237698
1571353549454874
1574781069135902
1575404221950667
1573562936982044
1568128102749265
1572201058081050
1570008803570085
1571064116953855
1575479109031327
1574080351194762
1570010528914002
1574431334381564
1571061034235696
1573001525774231
1574085129567173
1573594877931565
1569703878777135
1571048321126506
1569255392040532
1575478698445070
1569316194251238
1571652859991957
1571834724416911
1569316676258180
1569329073684171
1572137678242096
1570710267224683
1569394004272389
1568749944007826
1574419695201653
1571003652820565
1570462962000923
1569417156739887
1572953821208580
1574433436414459
1569313788198271
1569350814773172
1572896685041854
1573395058416149
1572631779198231
1572808266412933
1575276045971578
1569319377771055
1571822024287751
1570461970926848
1573832150421445
1575280062746988
1569445018732881
1575407251964284
1571407182433577
1573132787560875
1572357892365032
1573935440968057
1570716901421429
1570998592699402
1570998749554492
1572457884575729
1575280109772047
1569319998222934
1568203426686939
1572532506619731
1573677244284766
1569320361611117
1569777913115261
1568118529823629
1570281484490499
1569320873955499
1571305137157285
1569321545037914
1568498511362566
1574352459462643
1569313793921105
1569322571637189
1573552686262473
1570182046592865
1571750352823725
1573028914976325
1571700747764076
1572905144800717
1571839029553367
1569173063799353
1574677247301046
1572204633753300
1572775083914161
1571913784864226
1573677784331357
1572895541569124
1573488361410659
1575280350412236
1568635549775455
1569685178670047
1572277467817342
1569409216620462
1569188160052597
1574086556449067
1568710891106573
1568299845765304
1569769895016898
1573156913209941
1573836575487188
1569691829148896
1572864721278799
1569877198784128
1571589646475821
1569940643337742
1569882698602903
1571008149851131
1570016248570313
1569427818064186
1568677251086127
1570385455876188
1570736207313070
1569623640138772
1571065674014337
1570548126032172
1569912612696218
1570093298430342
1572865207501869
1575479255990581
1572795977431742
1569855672058094
1568909107208716
1568729249139391
1568320838903585
1572533314122678
1572631587192145
1574845911776146
1570630668501671
1570017230545545
1574086853997693
1575298943682909
1575418469087206
1572896559516551
1570116395484480
1573394711067464
1574441617130174
1570630724554367
1574352729340355
1570133723826431
1572210661049354
1574172591004974
1570105370345394
1574171646500721
1573030192327171
1570109637522829
1572340758523852
1573213714395211
1571223331376553
1573681576666996
1569917698378995
1574021533064994
1574354057963683
1572699324110068
1571990672020293
1573488745552747
1573821190959001
1572253132082968
1574248696474484
1572969519142105
1571003901926056
1571755951504253
1570215771007657
1573734455307289
1572629807606886
1574682349416478
1568816208090226
1572900570309374
1574788554298822
1570012793445084
1574439859739926
1574248714724787
1571551736594903
1571653813132324
1571775656403726
1571001718148559
1574679666346999
1575409276161458
1573578316363837
1568565094228347
1572533669162733
1572878984798392
1571411323708558
1570994382703033
1568817352929151
1568375463097640
1572956099172784
1572192995429769
1570010548714861
1569171600062830
1572631715883375
1570464999635184
1570011413049201
1574678043734810
1570020804909881
1573580650327576
1571779373256342
1570112311424270
1570186152318692
1568160929195778
1569941999366178
1570807859363810
1568281361685868
1570613653412609
1570114250284509
1574758372564861
1573825277306804
1574440288735931
1570115358200586
1570115918301288
1573070772361752
1574847133820322
1574329310696254
1570117200105658
1570117329213029
1571496980492919
1570122465153310
1572362829270396
1569591512083717
1570129172308996
1574956300323448
1575282735881531
1568541830806316
1571332567998772
1569261915182884
1570374843093953
1570025604452933
1569068674597776
1570198815061387
1570199156876920
1572605931013132
1568920306411050
1570192965463782
1568996474124444
1574414809609537
1570200512630637
1568799635273443
1569409334008764
1572534297543955
1569935315601755
1575281646471606
1570200752504914
1572261866573466
1569073953447990
1571233278273093
1570441967101803
1570204970638629
1574073259496843
1570205265853690
1570202338645500
1570206737917048
1570207035176162
1568627189282454
1568666220437057
1572904255794660
1572474873515681
1568462693660007
1571384767428126
1573400010310107
1570535870310169
1570469727413697
1568888038206033
1570470128995258
1573579036176111
1573428651430512
1569845026327105
1570474517433822
1570474881933449
1570542611920926
1570542661691138
1570542906470587
1568718133455047
1568660542115988
1572363433114236
1573032316425493
1570021274986185
1570458429037359
1570898423639694
1570543114732313
1572437110143419
1568801516411553
1571731521690740
1574173163310237
1572867044690376
1572905379335785
1568803967836841
1573087185081082
1575411787865494
1575411846711788
1569335245751236
1570028904742078
1571826787041719
1570640193903045
1570198461427585
1569433977029390
1570196771991746
1570549769383153
1568982316760058
1570314482690123
1572449977366421
1570230150034834
1573490288302464
1575282227835839
1571785077602202
1573402348148944
1572227554326236
1570546921889192
1570547187933179
1569756369669377
1571387783106980
1569335375534683
1570176333803092
1570039971225103
1570800400631264
1570299815520545
1570549456765944
1568899886240321
1575413767154584
1573743326834843
1573490451692154
1574679048347459
1570009199550673
1570811108910660
1571339663516309
1569251822968301
1570551373104157
1574847895004552
1568228884689133
1570205498730905
1570636560241357
1570049451896075
1570798830088172
1570556902494458
1569324769907101
1568375488773431
1570447368221801
1570798837285367
1570637092555264
1570559174555832
1570562630994413
1570563234780232
1570637974073642
1569594360540051
1570568069591232
1572866315163352
1569694098051882
1572968899460905
1572905737826178
1572092628229497
1570586148924117
1569579505292809
1572248211782413
1568556939407139
1574426303483227
1572280305009502
1570639389160402
1570533219951637
1574848366576557
1570610036998510
1571591794038666
1572002268695832
1574245300403164
1569356769931707
1575494847954524
1572276479097240
1570034919570082
1570909206417768
1571661329190975
1570800385119681
1571074473912147
1571898649821430
1570800517807963
1574871957381328
1572893959244348
1573059177762227
1573581008079810
1569571604642760
1571043879601950
1570485664544922
1575486120088772
1575422981242893
1571481758960412
1571073899704682
1572622141734019
1574354176930027
1573451515259992
1571143635997930
1570723163761450
1573550999340655
1573462155879478
1572868737561023
1570629025962097
1571044600199900
1572005087491408
1570804931323052
1573577054195708
1573423719331802
1571238637231492
1574156475778530
1575283470917936
1571654653404625
1568715478714905
1571178547810169
1570814838954123
1571204145294646
1572280966187100
1573762615836194
1569846534933129
1571155027669281
1571733285514629
1571072125274171
1569346242939864
1571080267301686
1571131077658243
1572450187136109
1573124810558083
1571398531565807
1571658989587870
1574249160580764
1571136079367024
1569917011711773
1575487714533355
1573412553352941
1572253269092418
1573433056572397
1572375180932974
1572375045305929
1568740714766998
1571906907496181
1573771207959298
1572366368800760
1571386598601375
1574720404491596
1575488052074093
1573009838381289
1570651146680028
1570114980536350
1573751935204571
1575488444938963
1573681518191798
1573582224276586
1570538351997553
1571214914927169
1571767636274095
1572875728436180
1570702980260748
1571652849590406
1572303485497246
1571238710141329
1574851342994316
1570374714397855
1570023111871216
1575283877652771
1574084390848545
1573413199548678
1568804422951134
1575033934122817
1571673137273786
1569830557268506
1572369928703441
1572723747095431
1570478712658729
1570920077779947
1570998035981573
1574456859985135
1568186314418111
1568301867770707
1570621172943459
1570110943709670
1568894267534889
1573034608769372
1569409937269516
1570710758391066
1574849002995516
1574760492432292
1573214305644579
1568629070404270
1570481544143878
1575034267846220
1569586044112943
1572943203227373
1574957220160852
1572963082126603
1575034281252009
1571232784107175
1573493046284404
1574617940560464
1575284296719159
1570573638445696
1571217021154114
1574508102270044
1573592728185142
1574760639780124
1572867573656913
1571165783689951
1571327733481745
1575035480681096
1573551304774141
1573032928136603
1570895849880738
1571220316375246
1572351828814585
1571220382197847
1575034462661796
1571842946966936
1571737093280992
1568569086120041
1571300552615503
1572537200248620
1571303340324305
1574682255465246
1574355381827551
1575489489304889
1571839527289498
1572212902949392
1572605620289621
1572906759790128
1573752175050492
1569359167684027
1573196493947965
1572282422490557
1572282625901343
1571143079674789
1570196429961414
1571479505151475
1571307622062624
1571322820410749
1569855354203588
1571081787374518
1572869754456923
1574681251751948
1571483264227674
1571788735909969
1573283635915322
1573060329248883
1569771431836946
1574249605282604
1570129408331283
1571417903859828
1574094305044510
1572256512649850
1571490894235498
1569865431983201
1571128765924036
1571244312801872
1574851425170255
1575284538678858
1571506768497284
1570821253129297
1571158338642914
1571657873532653
1571514906592883
1574250383894172
1570530170080257
1573587292300937
1574957711700323
1574094430420858
1575284582998913
1571668246854229
1570774370630616
1570379755624513
1573832144825990
1573214854218288
1574356086548955
1571863614510129
1572537967609493
1571815263865626
1571658585818968
1571734889021961
1571818989365566
1572369723669656
1570464024996676
1571660322663533
1571660361125824
1569866222944352
1575284700890513
1574094825999292
1572173731052206
1572514770743140
1572370046054659
1572899019862847
1572284452625920
1571577522626542
1573007426432316
1572868119380562
1570204529937803
1571739455542159
1571209389683073
1574761459076320
1570629376393348
1572945964660999
1571595415214549
1575284911284951
1572868187375528
1569929315061672
1571734205097349
1572007734393086
1571742668270964
1575284943078629
1570114138016743
1573491620681292
1573123694198933
1572371167292334
1570444688208816
1570704933034527
1571154817343405
1575285634663736
1571823529856645
1569747103341464
1571823730474154
1571771751629448
1573574456933455
1572344452517087
1572092019233892
1571824323634386
1571824800083248
1568974491247845
1570093038968908
1571222240786613
1572000728431814
1570198136146982
1571825696530317
1571825812111612
1573819916929696
1571144715337351
1570538137618994
1570169183955526
1572454893398656
1571512834265192
1570627649293246
1571740511366880
1570188493441670
1571828056855217
1571828656006369
1573210862752359
1571828545491707
1571828604056177
1572275026314199
1573590824462043
1572869008351409
1571905818812262
1572258339732547
1571053266243068
1571755318360605
1570641543182124
1570994049283049
1572286995047090
1569159716658666
1572010295285899
1571909702159525
1573149826299190
1574762168769858
1571910222076751
1572541852282861
1573833343393806
1571311554283067
1574099107359693
1571675386363713
1572036695992644
1573513015150458
1570019751382373
1572011567404424
1572543233146468
1574959125499906
1572869436025674
1574099807833898
1572260007416296
1572380338326624
1574099925612000
1572602109417237
1572442965899214
1571350119480925
1574100730727247
1571745263932128
1572280259498362
1571045684681036
1572511947893022
1573059882601454
1570275656464506
1571236448252665
1575036174682572
1572012685944887
1572947700279225
1571917670709619
1572946198064610
1571736484255514
1570449730909378
1570545405573181
1569768690495497
1571919528761974
1573499884307488
1572458766555508
1570187955500049
1571915095233082
1570623600472036
1571920761176904
1571921093153827
1571397926329100
1569498732885493
1572627434903874
1575495466094021
1571071210678197
1573724936288265
1570800201403442
1572386335149182
1571071662798840
1571923120285093
1571923175512235
1572460089143426
1572295854522127
1572296613854496
1571923582610705
1572559725105366
1570535506732984
1574333624185707
1572961040038092
1570452047032538
1570529819828522
1573551479539485
1573727301306208
1573599836279147
1573599957198449
1571924864758139
1571303175442271
1573223406881089
1574959717276431
1571389851347504
1572545480570274
1572300819555863
1571951417813459
1573036716384572
1572302104306184
1570114041537207
1572953689153860
1570699274677761
1575496582842665
1574251205667697
1572037011616164
1573466510135583
1574960065170879
1572547478862051
1572461313776718
1574102814388839
1573501028683425
1574963363837991
1570358759248107
1575497076025528
1573603836023024
1572462551319104
1574960288167405
1569745843218158
1574960465488152
1571662317304677
1571850980508175
1574371449404572
1574371406001908
1569578374450688
1572870614100057
1573125120111976
1571087940003043
1572630461780314
1573316551882033
1571896703158236
1574073759533582
1573049687873911
1572466886477016
1570051712302471
1570708240418067
1574863004133539
1574330729092515
1574103709508812
1572631718892787
1575286476055064
1574683171136432
1570015574856262
1574872426949406
1572310725526577
1570888955397431
1572333991150500
1570381220514311
1574105134446864
1575498368801725
1570564815451615
1571313463103279
1573042169990105
1572021871702454
1572090227444319
1570175114826603
1572471224306422
1574336308608381
1572429320913863
1572390727067457
1574106572213212
1574941989162754
1574107305425800
1571839516601513
1573125532109725
1571658257903007
1571320518561633
1573122478196824
1572964835047625
1571146664076831
1572650158184885
1571905283362702
1573218411516811
1574252230844756
1573561415708961
1574110089870936
1572643948392975
1575037469551365
1572868733298760
1571732295056829
1574334832681115
1572805789606595
1572736279525005
1573503532594932
1573218667829389
1573575830153348
1571220882662761
1573580145064156
1573245262928498
1568814392823353
1573293878496096
1572655524306922
1572872531081501
1570992376870859
1574105268005825
1572015638029284
1572622490681431
1571830428664988
1574723515370337
1574369403021630
1573038251969783
1574114214892484
1573038068309058
1572282704281161
1574114611839823
1573218885798804
1572896833691923
1572961198303850
1574115351157821
1573219041381337
1573218953420745
1575024900918916
1575537381921349
1574373405817029
1572952141768125
1571495990908658
1571834786360999
1572952615713912
1570799888937906
1573505200111402
1571319409789139
1571746065528015
1574188034646155
1572954010392722
1572206194942115
1573190815543693
1573505449873135
1569426591654759
1572251905627845
1571419325973351
1572955276678787
1572955694374050
1572956006482615
1572030713423427
1573207826004737
1572956645465443
1571121465915883
1571238218940347
1571064972478252
1573592269723996
1573506195522181
1568126249822029
1572958412206299
1572433785529099
1572958621048334
1574335369266204
1572958049750479
1571402787669394
1573507046974050
1572633256110044
1573164905192224
1573043180517810
1572020998718476
1572605254902903
1571327892942313
1568994397579414
1572906388243341
1573044522963738
1570448443383756
1571396223209254
1568140761072327
1572477640851842
1572781731950615
1573464397878318
1572422887270900
1574764164377926
1571655769588722
1573128089335883
1573635074922087
1571342682401081
1574354678772976
1573047293583700
1571399596981830
1573048170824993
1571916620398606
1573906579452387
1574158854032794
1573418697946019
1571768099418070
1574872653347092
1573049239321773
1574367432877857
1573129486184643
1571341228631193
1573221651250562
1573046687251247
1573131886816261
1570828955928371
1573132269156390
1573132667012229
1573222441137598
1573055488073593
1573636076441662
1574252562760190
1573222872691386
1569233256138213
1573512593981565
1573223297926597
1573223722446765
1573136348253623
1572458780450132
1570650181035890
1568509262213566
1573137116480679
1573224688805606
1571757697501338
1571313948543586
1571675036066567
1573138341412453
1570386383501666
1573225520852516
1571664276445715
1573226379500412
1573226539201091
1571928902712552
1572018473910683
1573567326943886
1573227281093918
1569930100355592
1574336328345725
1570023926782053
1573468084077332
1568230268094195
1568820413215735
1568401144504877
1568642571827055
1569921686080423
1568193093463664
1568983271867698
1568199242392019
1568566724221611
1569504470434384
1569586097732977
1568162052884723
1568208717246335
1570053943886314
1569837819852167
1574177323810440
1574277535863573
1571765291964885
1573230231551464
1572531896097318
1573231058692472
1573231030076786
1572551005608292
1569248625539628
1573302747638224
1571755911575211
1573727802790090
1569234274828504
1573052411366814
1570195819085537
1571747305690870
1573209669286108
1569151369186814
1574965989636137
1572109232062989
1573638812003061
1571732126135461
1575288531946493
1573045276431160
1573553064340782
1572984505314113
1571432851505034
1571223016510872
1575031042440469
1574966675064790
1573566964259795
1573639607808458
1573558430828105
1571841225143480
1574341903713834
1574708934933237
1573040911075977
1571134639589328
1573559146378401
1573833463803576
1571754996740097
1573560355158187
1573561001222302
1573561758999060
1573067836096580
1573041814817168
1573050805451119
1571228099370227
1571837201540210
1572975903649480
1571087090304662
1573642783071818
1573642842323366
1570722335750300
1575039046751922
1572699467524380
1574685048211512
1572345810426200
1574767208224178
1573729223256404
1571593695703471
1573460148338222
1572976865271669
1574200421553108
1575039088706834
1575288969749401
1574776001970994
1572616769622001
1573476977120358
1572015395664646
1573483107120357
1573730552337187
1572430740628081
1573647098340733
1571068827772561
1573637639754070
1573649345795438
1574503938873574
1571934643359166
1574765606905273
1573731377403329
1572445036565094
1569514216936840
1573653385130688
1574255415653058
1575289230046254
1570624249035531
1572570705251948
1573833604366129
1573736184791055
1573736335693689
1571938887877106
1572701569469132
1572352103678513
1572972787056163
1573738127000693
1571934321289602
1574969228976239
1572019294948597
1573558739877050
1574855082063133
1574765934110257
1571053526367194
1574969861864072
1573815896590532
1575337603779322
1573833932799710
1574970498220027
1573996675259828
1574700145796560
1571754300474094
1573817812443754
1574464610047898
1575291067359586
1574680133849086
1571598614863066
1575342432105806
1573425120639822
1573475561474585
1571407559528488
1573742427005584
1572182789973890
1570863132524322
1572279982117554
1575356651346255
1573825508209280
1574766383813367
1571773348789545
1574680560424148
1573826024323712
1574338548583523
1573036335347265
1574467715809203
1574686320305493
1574467784580354
1572445470755516
1573124407563017
1573220357498889
1574339161966409
1573649001356194
1573739856317159
1570461877070468
1575290884165457
1573826926150718
1575360401294187
1573043641090217
1574972389578299
1573635044571386
1572613198696011
1571415764972573
1572967759605971
1573050074653742
1575290197470826
1572640879497096
1573581653095533
1570897253699000
1568802181561979
1570028791208068
1571319697990043
1575290445841513
1575290998637474
1575041906043861
1571306202635221
1572857481001997
1574688183183918
1573047732400623
1574508809031285
1574179544316231
1572518796614516
1575291648448312
1575291766810491
1575291833130949
1574772106132986
1575444197234233
1572798641549709
1574873176958324
1574419183706650
1573226620225488
1574768014990515
1570221554625715
1572529521340327
1574180058136528
1573840059185987
1574689270653557
1574435533483097
1574501438571003
1575066805271990
1575292427105107
1573560043501673
1575043619360749
1572971394505059
1575292435081217
1574357434117808
1573766722598548
1575297127396013
1571092398520118
1573469443013125
1574689423682768
1574412586803232
1573743442137808
1572347750386352
1572961864766554
1574415530623549
1574415379909652
1575044446772809
1572882244171531
1574505926852148
1575044471112418
1573036962026877
1572879470680433
1574507768727057
1573486475232373
1572863414392073
1573652277372424
1574343917456913
1573497253401601
1574513739588560
1574513935133500
1573403399134361
1573387419122755
1574518718093524
1574327202880416
1574769696373772
1574177193365624
1571833910693101
1571048714348774
1574771760308916
1573225044531893
1574675907880044
1574774113309763
1574437640399141
1570901145252828
1571138702758652
1574879516732279
1575363984813258
1575364055288495
1575047145729582
1574873123252474
1574877178546193
1574177262936131
1573543978755498
1573495266219994
1574877438153616
1574877645809737
1575049263608770
1575364867620141
1573556598716575
1574689873892214
1574678937710884
1572642130873800
1574879903712512
1575050227991245
1575050285380364
1574878448090426
1575051229278458
1574858373087563
1573571946079840
1575053343817989
1575053398841942
1575368640353680
1575056090801353
1575056789075962
1575039960626555
1575060085195821
1573553003313577
1575060541039654
1575310530802798
1572799030161346
1574880765437511
1574881644911270
1575065192450100
1574175837209711
1574886770708267
1574889269601894
1574893480991092
1575452970162414
1575367630633432
1573050787795749
1575368063804102
1574253407176444
1575368269941013
1575369862868611
1575450379555386
1575383216200520
1572369396561321
1575371620349694
1575372507225775
1575371610496745
1574153375019321
1575372721739650
1573655041557907
1573301926617397
1574163391716529
1572382527247926
1575373954866988
1575281068844355
1575453965196268
1575454896550888
1573995708141698
1574860605647651
1575456464485991
1575456531772389
1574177444841795
1574621401001414
1575469114800980
1572859080918308
1575486647352693
1575280679133141
1574689688722697
1572624359855064
1575292143242291
