1574086802256613
1574086811780843
1574086815956449
1574086820749045
1574086832984168
1574086840132057
1574086842491444
1574086844708233
1574086857511870
1574086864642023
1574086873464757
1574086887566506
1574086893183171
1574086896291054
1574086902511313
1574086909228861
1574086915355633
1574086924163697
1574086927851215
1574086938558379
1574086940995197
1574086942220164
1574086952487455
1574086954918739
1574086960921222
1574086962106194
1574086965983763
1574086967261861
1574086968439185
1574086975481402
1574086977722852
1574086978933649
1574086981492724
1574086985769457
1574086990737432
1574087000020785
1574087004830536
1574087007260160
1574087008578941
1574087014321773
1574087029685287
1574087032809106
1574087044883065
1574087082118069
1574087133922691
1574087145480449
1574087155911432
1574087174701145
1574087190313255
1574087200031095
1574087207217044
1574087229338570
1574087259159417
1574087262765341
1574087272264491
1574087273541251
1574087280427007
1574087288076780
1574087289483894
1574087290736694
1574087298211682
1574087321337140
1574087331820424
1574087339978018
1574087349294893
1574087352951793
1574087355398927
1574087365170811
1574087373355677
1574087376918414
1574087387757660
1574087409934677
1574087427861787
1574087429053227
1574087464163550
1574087469920020
1574087471361072
1574087510764211
1574087518686820
1574087526814497
1574087558818200
1574087563433565
1574087574169398
1574087585655237
1574087597632679
1574087598877117
1574087610326598
1574087616233665
1574087617405130
1574087623753952
1574087629609083
1574087640805116
1574087650252639
1574087657173168
1574087658345450
1574087675122031
1574087676321186
1574087679841206
1574087681083367
1574087689278050
1574087691663463
1574087703552340
1574087713973163
1574087722408854
1574087768546880
1574087776711344
1574087787395319
1574087805991735
1574087809349252
1574087818803893
1574087830524956
1574087864131728
1574087865377395
1574087867683279
1574087876968315
1574087884042178
1574087897185956
1574087906310942
1574087913232261
1574087915618277
1574087938897007
1574087942674962
1574087944889170
1574087946047322
1574087966250327
1574087973916423
1574087998260013
1574088001813558
1574088007627812
1574088013502439
1574088019416758
1574088028808433
1574088030045727
1574088039328785
1574088041720862
1574088046536305
1574088061465091
1574088063982069
1574088069898616
1574088074374181
1574088084400075
1574088090380881
1574088094549101
1574088098233041
1574088106609190
1574088115974981
1574088119460219
1574088120628218
1574088130058596
1574088146302970
1574088149979717
1574088158163674
1574088165029413
1574088168862505
1574088190610138
1574088193147914
1574088212653405
1574088231366617
1574088243894903
1574088246152978
1574088257927425
1574088277928684
1574088294534044
1574088303603434
1574088308286938
1574088333884012
1574088343722236
1574088347601741
1574088353383390
1574088369753263
1574088379184335
1574088411537474
1574088422037415
1574088425545034
1574088426711387
1574088432637170
1574088447241885
1574088451823693
1574088458921318
1574088460146383
1574088462487611
1574088491349865
1574088498214864
1574088506564201
1574088513321397
1574088524998811
1574088534103006
1574088536530891
1574088539964691
1574088547011030
1574088554183482
1574088555304525
1574088558686548
1574088570238948
1574088594885450
1574088598513389
1574088606797909
1574088611373571
1574088613678191
1574088618169683
1574088621619542
1574088626131246
1574088628616103
1574088629897421
1574088634576127
1574088638207661
1574088643927451
1574088645193052
1574088646340892
1574088662546083
1574088672160594
1574088689287786
1574088713637949
1574088719670753
1574088732434922
1574088742676900
1574088751948190
1574088761455541
1574088769482133
1574088784508839
1574088787062032
1574088793854323
1574088800682733
1574088822396874
1574088823593255
1574088842419730
1574088843641019
1574088868941666
1574088882911562
1574088887474418
1574088911927092
1574088914553457
1574088936245181
1574088952689882
1574088956071491
1574088966519760
1574088974915885
1574088977153690
1574088984166206
1574088986328267
1574088995879276
1574089000305083
1574089008307628
1574089029108625
1574089041858447
1574089047324378
1574089050849063
1574089059312485
1574089060527055
1574089064161489
1574089066546547
1574089067799871
1574089087309222
1574089093070149
1574089094266035
1574089111597446
1574089147147323
1574089149561935
1574089162964933
1574089167691747
1574089181521326
1574089195402943
1574089235499966
1574089237724981
1574089245877128
1574089248252808
1574089268600100
1574089276941132
1574089291951272
1574089299861424
1574089313666197
1574089317032719
1574089338634998
1574089358603246
1574089369052623
1574089381759676
1574089386446626
1574089402711037
1574089404093038
1574089409730626
1574089419077992
1574089425891956
1574089431579553
1574089445560334
1574089451103177
1574089458149652
1574089489518610
1574089493075326
1574089495318070
1574089516535090
1574089518972168
1574089529772011
1574089546964385
1574089555264875
1574089575915290
1574089577204396
1574089588746674
1574089590034408
1574089607116065
1574089612947355
1574089614175039
1574089625932725
1574089640791577
1574089645665966
1574089646845948
1574089648024468
1574089688712485
1574089689947874
1574089691140781
1574089694865616
1574089698153324
1574089709592999
1574089714288666
1574089727900430
1574089732414146
1574089750756386
1574089758831686
1574089766999152
1574089771421697
1574089793404531
1574089798042005
1574089805471296
1574089811069373
1574089820283437
1574089826286277
1574089827473619
1574089852301958
1574089853657648
1574089868479764
1574089873097155
1574089891714948
1574089904311393
1574089905612161
1574089915048679
1574089924351734
1574089934883023
1574089935961281
1574089944009825
1574089949745639
1574089965935239
1574089968216645
1574089973058214
1574089976321072
1574089981101923
1574090003818452
1574090015268621
1574090030334259
1574090037398448
1574090054790170
1574090058181228
1574090064039451
1574090072134211
1574090078111254
1574090088765776
1574090091247457
1574090115591427
1574090118916209
1574090147534627
1574090149868429
1574090158124441
1574090160415969
1574090161650655
1574090174158498
1574090175488068
1574090183479422
1574090197108843
1574090213076495
1574090215371803
1574090226627961
1574090235667974
1574090240238654
1574090259717499
1574090271402195
1574090273799515
1574090289968476
1574090291181613
1574090292305336
1574090294733113
1574090299263553
1574090300400749
1574090308224554
1574090314908935
1574090319490053
1574090327384108
1574090335272907
1574090336458943
1574090337652106
1574090350328915
1574090356344486
1574090373026736
1574090374203201
1574090375414658
1574090377713545
1574090392963026
1574090397617544
1574090401045039
1574090416080419
1574090424942311
1574090428343201
1574090454881512
1574090468522045
1574090470846267
1574090472001499
1574090473289838
1574090479237757
1574090497731005
1574090509064783
1574090512548186
1574090520761219
1574090552982238
1574090555385173
1574090561045415
1574090573752701
1574090588403878
1574090590773870
1574090610336401
1574090613175004
1574090620329636
1574090626082502
1574090650975290
1574090655943970
1574090670652713
1574090683294222
1574090708141614
1574090709463033
1574090710531448
1574090712990071
1574090715546243
1574090775930436
1574090777159224
1574090780605197
1574090781862953
1574090791379105
1574090807205849
1574090809585313
1574090813175895
1574090816944925
1574090819214250
1574090828588744
1574090835610309
1574090843657425
1574090872385948
1574090876949970
1574090887268246
1574090896596124
1574090907046531
1574090912729816
1574090920969099
1574090932308328
1574090965580884
1574090978946601
1574090987156341
1574090989439588
1574090995003337
1574090996321662
1574091004106640
1574091009902654
1574091015775433
1574091019251696
1574091028698416
1574091033298327
1574091036426487
1574091054496958
1574091065366604
1574091069970070
1574091081119953
1574091091472376
1574091110824052
1574091124850028
1574091126049751
1574091131858295
1574091135284928
1574091151308205
1574091156998182
1574091162770328
1574091168250135
1574091178755479
1574091179956159
1574091181284897
1574091190428212
1574091200730540
1574091201947291
1574091215538938
1574091217920548
1574091238969847
1574091243558122
1574091244876531
1574091253937919
1574091265420227
1574091279028578
1574091281420219
1574091288412474
1574091291809435
1574091300039149
1574091301224047
1574091309172719
1574091311507977
1574091312741005
1574091315167208
1574091323067010
1574091325242645
1574091349232291
1574091362925748
1574091364162431
1574091372078827
1574091374308115
1574091380245707
1574091391430587
1574091410650496
1574091411971966
1574091418690791
1574091419863728
1574091432596438
1574091459759620
1574091464581159
1574091465789728
1574091468086908
1574091472785529
1574091479511696
1574091483025378
1574091493294428
1574091500086817
1574091501207644
1574091505741127
1574091506988701
1574091512674592
1574091514989394
1574091517455526
1574091518792471
1574091525990662
1574091531521113
1574091536587143
1574091543696291
1574091546299093
1574091547571474
1574091558524743
1574091565206714
1574091575668242
1574091586142591
