1553612655950807
1553703280999309
1554543693774942
1554735825472862
1555056999444663
1555419885981430
1555419962847751
1555600404542023
1556020106411436
1556190478686509
1556289681410457
1556360613199938
1556526019240084
1556538632720756
1556545309217321
1556611173112061
1556619339417415
1556621961292090
1556710046482345
1556795476336863
1556893804183832
1557235202598709
1557387393309923
1557499094542791
1557572151346775
1557572367945998
1557662436316725
1557758817809252
1557829694938553
1557831319096619
1557835263977047
1557910407974612
1557910970513284
1557912112700126
1557916396873434
1558013123788744
1558106108256370
1558106613892172
1558419184156236
1558552180649521
1558622906775767
1558685045959154
1559036388874973
1559158283247269
1559307945301564
1559569250789770
1559727562992140
1559734496315083
1559814956221375
1559826369311858
1559909782537513
1560157882322157
1560160791248729
1560169336951960
1560181178510986
1560239745865307
1560244812683039
1560246815540439
1560256575067648
1560283285888675
1560335110462991
1560349035107524
1560417419281064
1560427576595362
1560429019019968
1560432193317364
1560507979721788
1560509703467209
1560523022632302
1560764639784157
1560767090158472
1560769528766959
1560774326224508
1560778373353359
1560857097095486
1560865684088665
1560870876604857
1560930049784554
1560935918001048
1560937316172538
1560941001143523
1560942946217505
1560949726465568
1560952262612080
1561042206999683
1561103491223187
1561113672098530
1561116075726615
1561124811110755
1561125836696686
1561126458159367
1561375501177252
1561390007730413
1561445109633137
1561446528285723
1561453258793710
1561467549916179
1561469652466877
1561538014439036
1561544377743907
1561551217958876
1561554865085810
1561555501277158
1561633783115279
1561634907033760
1561638315792701
1561646317980737
1561714024219862
1561718334589526
1561726998835556
1561729097779014
1561730027314708
1561731471581149
1561965408698168
1561965988580844
1561971228921228
1561971677301807
1561974017827721
1561974408580830
1561985625569224
1561986359434254
1561988503368560
1562000630336459
1562068201334716
1562072651964568
1562074344787653
1562150493199500
1562151227151304
1562157678804382
1562162741779298
1562170711794056
1562230553065419
1562237931355115
1562243504985759
1562249190539636
1562314892401186
1562315775239866
1562323171733680
1562324000667917
1562333909583398
1562568817809381
1562568998727600
1562571960429999
1562575186392055
1562577063414945
1562591133653325
1562592277685321
1562654745041212
1562654957500301
1562658677871074
1562660125785963
1562661225191359
1562662006132711
1562662815774380
1562663915626207
1562667237574417
1562669825766835
1562670673616056
1562671068665542
1562675381708764
1562676377727875
1562678490130821
1562679182145739
1562679553571174
1562680112429599
1562681171934032
1562683315276197
1562684760323369
1562685831552183
1562745723151062
1562746182032868
1562750509715023
1562751295482430
1562752585186632
1562763227874477
1562765609437864
1562767883060107
1562827713114571
1562828086488477
1562830526726581
1562833423657164
1562835751612042
1562848730948684
1562851118166820
1562851856759851
1562855408432339
1562918457195254
1562921560826104
1562924634062748
1562930577562586
1562934535193526
1563174189649635
1563196794722697
1563199925818475
1563264799861447
1563265764833477
1563267729587867
1563269117599512
1563271212879997
1563286844217077
1563348634845374
1563358075235589
1563363188995004
1563363568800154
1563365499382194
1563375279387552
1563377899665342
1563434657786222
1563439240013638
1563440606638281
1563441060740142
1563451850965189
1563451920401132
1563452676079783
1563453886911930
1563455740732550
1563456394951306
1563456990425788
1563457309419306
1563457782924608
1563459738890032
1563528007995084
1563531250544070
1563533063679473
1563540708434685
1563540781644291
1563541000675082
1563543232869269
1563544736871579
1563546660483966
1563547254678706
1563547922163149
1563614014636067
1563781018298580
1563782340903822
1563782660254590
1563794338003002
1563797545224329
1563803789700212
1563805388098997
1563807556931306
1563874013737627
1563878877952487
1563955512438369
1563959839506114
1563959956195204
1563967440255765
1563974788396946
1563982823908914
1563983007979424
1564044829915945
1564046272338632
1564047271286483
1564053341276868
1564068372227721
1564076173024486
1564080326591631
1564224960678839
1564226394851619
1564233008936794
1564255927040044
1564266150316670
1564324917372161
1564326636500394
1564352747073535
1564385033021123
1564385302802344
1564385585421390
1564385823096517
1564387061248719
1564389538183081
1564390604105800
1564391157555250
1564392017479699
1564393323022371
1564395932100829
1564402191245517
1564402482973330
1564403427241064
1564405124677110
1564405389186039
1564405522308235
1564406154120153
1564407104474567
1564407290552846
1564407523713835
1564471897478284
1564482941025849
1564483204797249
1564483502195211
1564484235818673
1564484487619787
1564485490220273
1564485702810556
1564485990656992
1564491199533784
1564494040601859
1564496731700254
1564497775749694
1564498376530111
1564498596272726
1564498866282280
1564499228756987
1564558187934255
1564560991879379
1564563150817446
1564565194790653
1564565635839051
1564567696003544
1564568226259739
1564569308849785
1564570048760704
1564572183204274
1564577686424386
1564583357415331
1564589604336071
1564590460345552
1564591193576554
1564591614831919
1564600438863899
1564600767151155
1564607053303937
1564642111116542
1564644507015759
1564644740381273
1564645135787982
1564645533059133
1564645693844902
1564645793348358
1564646258104708
1564646692416478
1564646905451940
1564647680965765
1564648032372916
1564648515669408
1564648685925838
1564648815294378
1564649096137518
1564649118149418
1564649328149059
1564649518816665
1564649728867086
1564649826822546
1564649863312609
1564651127643803
1564651271421055
1564651524997836
1564651693173318
1564651848221186
1564652029742222
1564652271536256
1564652477909042
1564653277005916
1564654124648312
1564654702242298
1564658203065249
1564658802673096
1564660920277594
1564662580594227
1564662657048792
1564663363216103
1564663789534634
1564663878808980
1564664280352286
1564664398370071
1564664453122193
1564665289263176
1564665307348322
1564665376168155
1564665611080611
1564666000270813
1564667035657966
1564667580644682
1564669521407575
1564695794417330
1564733141573164
1564734466989381
1564735611720357
1564737793723456
1564737902781817
1564738592553359
1564739493063175
1564740086631626
1564741339871365
1564743874417885
1564744363494351
1564744873308620
1564749248662361
1564854608866576
1564993652141245
1564995320646364
1564997607829176
1564998097835574
1565004394292376
1565004904784912
1565006184883611
1565006690853579
1565007229028972
1565009696170717
1565010928671225
1565012473707214
1565013115980995
1565013941220632
1565079901826874
1565085536084680
1565085932393065
1565086791638087
1565087092153099
1565089786531200
1565092238923363
1565100924170064
1565101155800254
1565102050808780
1565102484898084
1565102701517954
1565102866997900
1565102923417140
1565103002171277
1565103118141719
1565104343468513
1565105550213237
1565106242239515
1565164826664152
1565165706266679
1565167323964090
1565167728430838
1565168645427758
1565169103964944
1565169410878985
1565169736027648
1565171119096927
1565172438146005
1565247575013596
1565253460229743
1565254483623144
1565254790441156
1565255067566054
1565257211797163
1565258530118362
1565258889899562
1565259279100363
1565259573822258
1565260245831719
1565260918822391
1565261600402542
1565261988094853
1565262255167711
1565262411352074
1565263716381040
1565264308684718
1565265011096314
1565265058792593
1565265485751923
1565266019765629
1565267721174167
1565268310497324
1565268467993141
1565268842273474
1565268895306072
1565269128982440
1565269616398471
1565270265022289
1565270492592757
1565270678258553
1565270859895843
1565270913811083
1565271092572561
1565271288076203
1565271291685263
1565271804106062
1565272548698919
1565272784106866
1565273023133950
1565273760177681
1565274182591319
1565274416366843
1565274611618972
1565274728081478
1565274753087788
1565274915544817
1565275124532485
1565275225547424
1565275273607054
1565275350493246
1565275782760055
1565275933537840
1565276126338012
1565276147478151
1565276462118481
1565276683477666
1565276853689306
1565276977072645
1565277985534899
1565338924273328
1565355203122430
1565355726842738
1565357788903242
1565358327552011
1565358360600073
1565358708044299
1565359178592957
1565359342504516
1565360494713541
1565361406283607
1565361972465281
1565438715479884
1565442740671531
1565536993664372
1565537659334748
1565538259088387
1565549842359896
1565550838198264
1565551128576672
1565552815737098
1565555714943105
1565593234899192
1565593813623807
1565596075756322
1565596504843436
1565608904755431
1565617095224503
1565618706105313
1565619211086428
1565619229710910
1565619832502712
1565619912804921
1565620617135249
1565621255092841
1565621669516831
1565622299073854
1565623428277507
1565683515626743
1565684071160895
1565684541322828
1565685571353831
1565686702258022
1565687389872705
1565688881818949
1565690032274428
1565690693889886
1565690874380952
1565690960202649
1565692255876285
1565693471744596
1565693705458054
1565694024538667
1565694285682477
1565694509540816
1565694806842220
1565695119410399
1565695418335123
1565695445210968
1565696234884005
1565696660046434
1565696755390531
1565698191374996
1565698830525438
1565700658622667
1565701135595674
1565701167474434
1565701271001586
1565701425007208
1565701685950998
1565768487752716
1565769229688101
1565771182320938
1565771765927141
1565772447023481
1565772909276841
1565773596925252
1565774882243319
1565775073663488
1565775324911884
1565775786189557
1565776030743074
1565776289784076
1565776363139536
1565776825655087
1565777020134449
1565777038928592
1565777123395939
1565777216248458
1565777417652946
1565777458872122
1565777640425680
1565777727497503
1565777850321272
1565778548714753
1565779440709503
1565779675138410
1565780743676431
1565780750077358
1565781012136297
1565781464427848
1565783967288339
1565784198538849
1565785317159482
1565786508305181
1565786840215213
1565788063179498
1565788332390884
1565788614752017
1565788628398989
1565789297753330
1565789566950377
1565790471507377
1565791148786055
1565791501650989
1565791530837235
1565791832819675
1565791918117002
1565792193039317
1565792530940243
1565792848530660
1565793150537525
1565794166992142
1565794550959491
1565798755847021
1565799204920856
1565857278788169
1565857954531826
1565860396441851
1565864102026840
1565864855512327
1565864945891764
1565865413908006
1565865589622225
1565865732304234
1565865893288606
1565867420849637
1565867651698208
1565868820470925
1565870041229015
1565872799829350
1565874167527277
1565874509463561
1565874754865379
1565875114355621
1565884552012983
1565947418248644
1565949122502092
1565949495322235
1565949662082836
1565949724577674
1565949957599999
1565950350713393
1565950788954544
1565951095084397
1565952595266443
1565953204100890
1565955153988902
1565958233866213
1565958669169652
1565959202375996
1565961830060156
1565963269738393
1565965543303936
1565965915494925
1566198606110621
1566198870896012
1566200051697340
1566207581118192
1566208004273564
1566208483061704
1566210143559010
1566210502777294
1566210862309860
1566211255455187
1566212218015506
1566212322974614
1566212650639839
1566213082083190
1566213290658825
1566213517294545
1566213848531466
1566213959765069
1566222222185633
1566222296593522
1566222454957097
1566223445190301
1566224173126038
1566224735769192
1566224740099106
1566224791616949
1566225572486030
1566225820840160
1566226057719952
1566226327987918
1566227622504978
1566285815311858
1566288794752951
1566291350076278
1566291807611602
1566292797871503
1566298509420703
1566299455204208
1566300283511556
1566300446250597
1566301104866039
1566301219615073
1566301412122273
1566301828503884
1566301951580485
1566302233049406
1566302488641063
1566302523621567
1566303157366032
1566303457341743
1566303517313815
1566303745995219
1566304199021346
1566304750114811
1566305032757764
1566305114027870
1566306499461635
1566307189992947
1566307844332349
1566308265674573
1566308630488600
1566309440774239
1566311188564145
1566369870833715
1566370276722015
1566371737577659
1566373393183087
1566380102263704
1566380348270802
1566380920269818
1566381168415113
1566381663071601
1566381943917052
1566382680791635
1566386748659924
1566387283748601
1566387551620524
1566387688556575
1566387689779085
1566387827733317
1566388091470305
1566388144255547
1566388500355162
1566388615636282
1566388768339999
1566389146874715
1566389554516089
1566389856879508
1566390420073941
1566390878593309
1566391155372102
1566391172036391
1566391386470121
1566391459558679
1566391850278448
1566392032057940
1566392165562906
1566392483958273
1566392512164406
1566392667615616
1566392706382186
1566392897446444
1566394041015133
1566394073130248
1566394197328744
1566394235304848
1566394262062012
1566394337110531
1566394415302620
1566394786503178
1566394857826391
1566394881915137
1566394917452048
1566394953177681
1566395076804069
1566395088613953
1566395307262640
1566395352933392
1566395454820919
1566395458939970
1566395475115943
1566395529551598
1566395602559732
1566395729634996
1566395745254514
1566395751847375
1566395768904490
1566395999796160
1566396232451779
1566396249285731
1566396370695013
1566396570791067
1566396647949037
1566396659978809
1566396853781371
1566396950963955
1566397256128004
1566397293548792
1566397354332086
1566397544587177
1566398004581569
1566398258434937
1566398432042184
1566398631192939
1566399034151936
1566399084231166
1566399275102473
1566399567466503
1566399795830082
1566400031675636
1566401596822787
1566402463308033
1566406056179552
1566459357637737
1566461459293807
1566462102787195
1566462329827675
1566462644416816
1566462933104131
1566463482673807
1566463833983582
1566464250390731
1566464655887737
1566464872752516
1566464955115953
1566465227592226
1566465809888851
1566466228156953
1566466531718283
1566466736434876
1566466954820723
1566468047097541
1566468236894641
1566468736224943
1566469144213684
1566469378794136
1566469639332403
1566470018860832
1566470492480784
1566470541455431
1566470682290886
1566471624758543
1566471897534605
1566472146164350
1566472292957979
1566472535308220
1566473154859139
1566473698813964
1566474040140833
1566475298328079
1566475797387287
1566476348915618
1566476984022828
1566477320226792
1566477394478287
1566477810733745
1566477876182316
1566477895311052
1566478267041871
1566478351683745
1566478452521778
1566478618646584
1566478656991090
1566478847366749
1566479104829577
1566479670947159
1566479910527142
1566480106318627
1566480399052578
1566480647186871
1566480684473976
1566481537375392
1566481866299825
1566482114323052
1566482146327519
1566482313548053
1566482694121066
1566482896110149
1566566507980948
1566567769875008
1566570071560565
1566571449055122
1566572115848089
1566817948365086
1566899590234075
1566900513132188
1566901147101441
1566901617077196
1566903223703157
1566908160540207
1566909041463585
1566909393763236
1566911905963890
1566913576323545
1566917260264824
1566918549350665
1567085283720575
1567152739668145
1567159478845651
1567413955680317
1567504544503471
1567505289016942
1567505841872626
1567515295604292
1567517962575789
1567518578075081
1567520105559355
1567521102268164
1567521601803776
1567522344014283
1567601391368824
1567603194972596
1567604303996021
1567605751903468
1567608917886072
1567609212836911
1567672227586038
1567672586504747
1567672959455386
1567673322455087
1567674061190117
1567674429070001
1567678081499002
1567709251796065
1567772522147252
1567774061959717
1567774297879648
1567776742847237
1567777326869241
1567777689767008
1567778041696422
1568014015337366
1568109933638745
1568119080933120
1568120139251001
1568120233119377
1568121374245716
1568122495996823
1568122927579346
1568123329976890
1568124739605665
1568125870622229
1568126111525783
1568126316953848
1568126415654107
1568203033994361
1568203538574163
1568205084680997
1568206969458541
1568208021773131
1568276972580078
1568277214802551
1568277607877624
1568278059463798
1568278567463793
1568280064653538
1568280333432920
1568280758526651
1568281571754678
1568288968495716
1568290887434529
1568291824738238
1568292495789476
1568293679235518
1568294337980404
1568295436034704
1568381782426718
1568716186195775
1568728711184455
1568729200852529
1568793254210265
1568802829861674
1568807156457525
1568812743421950
1568813027994654
1568896862175422
1568898267078557
1568977021953758
1569161567944237
1569230046327262
1569233493806077
1569317065053505
1569324150958655
1569328010524920
1569328111618738
1569328323151908
1569330549367821
1569334265019061
1569399231460467
1569400072481321
