1562801576159890
1561505001117479
1561468183268331
1521891414158584
1549638913050491
1557785338953178
1549521697442144
1558455851840785
1536327017488303
1529405206928112
1537266166396975
1552952804876250
1562234241492282
1551413431499322
1533549778600981
1560240340145632
1556835092148803
1563136677755893
1529483694439587
1554934179631930
1521887374547162
1549039862725359
1561974179012120
1527151076946162
1527496682894086
1556575464391538
1558454985551285
1561763314972227
1524474788069104
1546905508338521
1556486777696300
1547768851825711
1553038917881558
1536577963380512
1560761665746431
1562920704838793
1563368013504400
1527499225894720
1535460686631779
1533545370369389
1544540551462134
1525965595836451
1559641870215617
1548202084391225
1563404988216470
1548207451076705
1552646460372923
1557490762181947
1561014788623767
1562170442667688
1544168520282332
1561996712587185
1548203145522097
1562773492588736
1556834473115770
1551142777021677
1529485792571112
1562671612893079
1557784947956433
1528100489850999
1559913537895747
1560812676557877
1544078111962376
1559838776695427
1546645317173947
1553124089629593
1555106887380782
1561127101050326
1530780291025561
1530780597225485
1556745720885942
1560207677309842
1536654009680070
1562770287333575
1551482780438322
1559307771486489
1534151635584455
1542278344118349
1535551186932236
1539300873822029
1557483191201352
1550618718419758
1530002201152413
1531474526402394
1560898866718288
1556276214906754
1522227926589553
1552604889567292
1562842642749777
1543739252453803
1544449463231449
1550618778461575
1560898863672223
1561458383064275
1544189353281001
1550877360019106
1544516952427868
1550836151688727
1561158360388297
1545438320716014
1558476676843101
1560208086374047
1547769299082667
1542069255371856
1535457429374956
1556834645366772
1523978201778183
1560765254669524
1557439818688769
1529915636169624
1552413639662407
1538382508435980
1560508894978859
1556229751848475
1550515051115672
1548464994173248
1535540594566827
1548345266953260
1559122598712193
1552777453351382
1545381619249323
1527495449620578
1562667947601906
1557353288481144
1554394002024805
1560247531337746
1556748557297199
1559030864382635
1553210913366716
1563295599987156
1544588898036632
1528185723485413
1561542467559225
1529916272345262
1539280652960267
1561504839971314
1563394167489735
1551482135589597
1562108549062437
1558629208642710
1556229858581680
1533199623510660
1552694009476029
1559081530523078
1560783035246249
1552777573098442
1525334964700980
1545206999251419
1552493114711838
1532960177062817
1562195054257742
1548815905530091
1561576141473577
1563291347960249
1559311665058941
1560866607926221
1558562903225939
1562769296826744
1558433103046295
1539937685928997
1542615369416100
1550269365703571
1551999892023833
1537526478266665
1559727885905613
1561545080608287
1546862426275253
1544716917364467
1561468877968071
1562752619687258
1554502256744361
1556552828333274
1527062521720310
1545436563335385
1544534535515067
1541810075939401
1562542224899855
1562316575048606
1557301906366635
1544473020787420
1555106889362200
1556661858025898
1550185638845454
1532953542824805
1528707474995264
1550017968124533
1535962482396432
1561997584358440
1556834777553189
1527062555815598
1559124947879392
1542027533173486
1541775279067137
1551827489770278
1544608230645351
1563452140294513
1529654623544941
1546915288913997
1557266241847435
1558455010452985
1560758893569098
1551828512824520
1548293055355257
1530779401323494
1528706345575131
1544473618244768
1558079222426114
1545198032726509
1561122365995357
1557266593877030
1561373177598570
1558649279518656
1562593074637366
1555365710591474
1554242562799805
1539859379995670
1562281761593825
1559815968946156
1562762937741406
1562195389340106
1560208064961039
1547468379495135
1527754739566762
1562249970342896
1557267134000934
1561990195280004
1559081022481058
1539308700302727
1557229846599488
1537176403372194
1552050422338868
1557266505702912
1558044208631061
1540203213904506
1556229954965548
1550617872234706
1561195775608133
1548214668653318
1560420884625906
1544502228199721
1559638836673160
1545219557470636
1547811158623403
1556748463835017
1544144206833391
1563438738034098
1562190839991798
1560500077678489
1556921023071601
1531988763166719
1559642324070616
1561630284870683
1540527345402850
1555601243604248
1554934710279348
1560425708743074
1560498456864798
1559816411453121
1560461009366778
1544683985751209
1542329665512535
1555601339728950
1563276509235423
1561449322120955
1549934893172045
1534324657307242
1532339512811875
1546656447999044
1553210278007756
1544469734430984
1528186579488535
1537802112588701
1547490076884643
1561676769145984
1543832022141277
1561378508075776
1561505047198350
1559227986902908
1546300920959171
1553875573714825
1553295863674516
1562162830002875
1556057269338402
1548381524088524
1556921110161018
1560698238725429
1562831597925342
1556057165577509
1539968039984436
1547865815680669
1563116745136565
1562751119464838
1536141052733295
1537889766878801
1556495941533661
1560899367031007
1535469744863605
1541799293163953
1562775711746987
1536827553162014
1551223445026932
1558343667805558
1539275697746986
1553915238586588
1541759292772857
1562156207917871
1558602980122300
1553037549277979
1551309040710333
1557166012252577
1560208184043007
1533716096860551
1562247408743040
1554756768476835
1554629410629137
1560898908346783
1562755667813056
1548730423410462
1531903191608257
1528448008722482
1550756536245029
1562933269484721
1561304069963879
1559722717248282
1551396022416138
1560413223477071
1555366171377924
1544080306065072
1544174030542207
1562068985395164
1557266555598426
1550617904954990
1529484812926471
1561386239833660
1562164627778907
1535969983178557
1557224386704960
1556748698630449
1533128599742924
1531126167927770
1546645014998992
1561131712278078
1561396676682579
1554559231197768
1556921243243147
1556100936195167
1530004199949073
1560813012176133
1560326400293675
1562244479814248
1561631196903356
1560899290974752
1556662010785106
1556748337245989
1561756024342269
1562151080216269
1560347758926021
1563436046958735
1537621223890461
1561538950216646
1558097276950615
1545219814912818
1562119714341761
1561035271449626
1538038743095852
1562596246986751
1562322121268888
1537951707515932
1546615551376084
1537020520912310
1535462097805299
1560938365747873
1561461853143959
1561996041313915
1561563503524163
1539314218125949
1551885650878346
1555625324245217
1563366323023954
1534843117359873
1555106800426514
1562251274954962
1562328604851264
1560899091946264
1562234173337737
1547764000294388
1550107373454995
1556543785700092
1553730466226041
1528359935248790
1560776228975293
1528877382331801
1561968829725354
1530782798293650
1562713303689539
1552518915139225
1562152122695072
1547609704990882
1561562531506812
1549189165609493
1544580544395579
1556661938779738
1546602960011536
1560504098266316
1528968462747774
1546567784009232
1561055376732924
1544512117226642
1555625252452728
1532337867613615
1547119211563370
1545191246165234
1550101811497153
1561126084984915
1562672290131212
1560944133302470
1531126481238987
1551143483688692
1523451704143511
1562605258950587
1561455627024115
1561677332458532
1548994687923749
1557353431981644
1542192173761311
1560165482021301
1552636317361583
1561042525100120
1548378924817130
1561962237120191
1560170811872457
1563279083107539
1546604283364352
1523266486612776
1530869773720615
1532336954032374
1563286643935861
1550597419679128
1540543934556089
1562022143656553
1539273377151114
1562155092301316
1548843335623047
1544105277604904
1545363364138752
1536050621854096
1560557597329399
1561282279908324
1560557538396515
1555625363945156
1555020351596502
1560960436126283
1547705699420008
1554760911339551
1554934641464480
1556835048891829
1544520118934817
1561159395426417
1563399891406947
1560711981314968
1546534150891239
1548380095755313
1533807138354347
1562344126369925
1560950053710121
1559340319373158
1531735722072516
1552384009361708
1539221430740415
1535465212902370
1561159292575985
1549282467409454
1551358657987288
1545190846680303
1544064737945839
1561763405733157
1563351576973527
1544515073749010
1560498357944210
1562245891271743
1551275707849948
1560412055103110
1533548294349263
1554463942481407
1556748429531585
1548863069082145
1523977765400242
1555366150291443
1561158747328628
1563370894725492
1559312456789660
1530778741796799
1561762927093348
1543935064433245
1559814323431111
1545358505338386
1563193163405350
1562713879876452
1551453985920224
1556143308774037
1521891730429040
1537805062413051
1559906811415919
1521891138598297
1562022539794125
1542360901518598
1562232326318497
1533199617374560
1561924282070804
1549516338408132
1527753887254171
1546614879309141
1554934023530924
1560433788702796
1560899160630161
1545215173449483
1562150982285745
1560899211540302
1552951499529430
1531303108018130
1562836924269660
1545444560438236
1540285090996622
1524561137628414
1526027538351657
1562248959832323
1545339356153520
1556575822964083
1561504579184763
1545443577549472
1560527227770635
1551740631272046
1523266066045165
1556662152539006
1560940322115350
1545078697705172
1555469247631512
1542074188221095
1561159406561087
1561504342243771
1556547771199268
1531210382246842
1540528925073772
1556710310471370
1563460145304112
1563183620328212
1536917680754013
1534154029503453
1562750780431894
1552690989646946
1544027431112477
1557612085997705
1562576827318350
1528358814334069
1559213961228428
1563436460742292
1529919516948750
1561730297121197
1556834855713408
1539602674422747
1556576163823524
1556057295427963
1561504307398073
1537807885098101
1527254300406522
1547808794114565
1545339468402096
1558044287425468
1562663522528192
1558044491078228
1557390586656530
1563362270652572
1521891702149428
1556576713974827
1559340530900706
1523978193801944
1563113999848771
1551701747202947
1563205147340352
1556748353928336
1539682115777941
1560294201099941
1561195795860417
1545767933202388
1544182528049791
1533803515006808
1561075000362864
1561206771890466
1561106328103506
1559945026876432
1549591270463486
1538126144334507
1562231125798131
1556547666037490
1539851328518174
1563450447071246
1553160795255364
1561969400910159
1531990995432752
1552000276420452
1550018236100289
1551284490562221
1538648725627561
1548985005436687
1561968929726096
1528966940853164
1561677371671441
1529660136987618
1530177679428923
1555625139886247
1549459487017638
1541611450771132
1550271856024764
1554761476009167
1559549745689181
1560369634512791
1551827497322112
1560329829587909
1543927938007206
1563456740280186
1531470241209734
1559128339623771
1562931373788086
1535617293057322
1561159091778376
1553527838775741
1546305674013489
1554502201781633
1528705401977819
1544491211001203
1545197820358616
1563260517558000
1563259908548836
1562749846947406
1548905007622787
1562103295926786
1557871553054916
1528706972043627
1539771457487472
1546528591342828
1562663194966290
1546528213209959
1557439813410920
1563189355875020
1532949804656802
1542072398131112
1562865239904265
1527499016828531
1560754512598147
1551740828325813
1538384865168717
1535725884221387
1551549273224326
1539939934512655
1551284639233205
1537173685105244
1561543767922212
1532510108969158
1534758207874625
1562774205347725
1563445302353572
1559646912774109
1552671305286534
1531302457565535
1548301159636082
1557393955677541
1556921055062973
1530714242201740
1559036226186598
1547516750488382
1530177201883876
1555366054775368
1530003491729209
1561120454764171
1544698546680424
1562670847734819
1531988194713089
1552493399383089
1562329500508891
1545395330172598
1546298130516627
1535617918493712
1560258012587675
1563400621091205
1554393730906929
1541690417821404
1555064268780940
1533634648523553
1558017662458015
1537523057892128
1540372212357733
1546297550769443
1563374546258910
1553296916968293
1553125371486584
1521888827780897
1562843330678476
1554156188942666
1542368855527234
1526570535112291
1561028308592690
1547728781750090
1562248603998306
1552490794235898
1545341553878966
1562250583051080
1563231908040494
1562836257238001
1530264333498102
1523452935939214
1557233445424833
1527255169982214
1539318068544372
1549678196361249
1562672461877007
1546657093304067
1542282757004111
1561015306425593
1561463369073175
1556748315086371
1550273138607481
1563318463032998
1531383816132233
1539943363345173
1559944939630184
1557410185461536
1555600337191948
1563374499514665
1554108282691186
1544531111452111
1552691931097162
1561503948999976
1560074432758758
1561717492194806
1555601040336333
1563457116825034
1563437358658525
1527668176101331
1562754606603850
1561466597686395
1556229754665363
1562656510921296
1561914448197666
1556112977305514
1563292920024809
1544709692063081
1561390268187873
1535736349607045
1536325569034830
1547500980855172
1539343672868991
1559845413402422
1543617129491273
1560812790547382
1552605315544128
1560176169517388
1541782928523957
1560419680532415
1526642329842589
1559914610678711
1559859896157999
1541785773822739
1534759972479400
1544486861379230
1539299937847958
1549927072652860
1532077972147386
1537526247076346
1551222404737539
1556097857827382
1559221823663385
1523977903270739
1533719172464009
1542279853905704
1559895553845104
1562164766537478
1544071548882291
1554975072862189
1550186353656340
1552322372805190
1553728935121496
1562058543363804
1556120671525949
1535728090436245
1550827653825206
1563437078137404
1551258330845731
1561158169278053
1540290903800557
1560693170138079
1548294393406489
1560518374832658
1554934588126373
1528101965954206
1559729476301103
1553039000147097
1545082824328106
1551270924283781
1557504016863215
1530724104066271
1530722104307182
1558649102093281
1561916378989103
1546654887082785
1552074998944099
1562671684826007
1559340207080451
1534327280240383
1562938112899843
1560756000423357
1546912747558752
1554415439391986
1554761608377268
1554216069437069
1546652655663778
1553915567166580
1558003170213167
1548462775292864
1551310434088187
1559901129773638
1559656566902906
1550242794938738
1550705165806114
1561472318080496
1560813016196889
1556576641611004
1551913688520100
1539684930889299
1555625306734162
1561372398275760
1542011375438868
1563367088104955
1560185417763884
1556057259165658
1544493580811345
1531298777148160
1541689334494923
1554728173487863
1561387253451785
1561469576530782
1531992384898734
1552492386460421
1527669287861714
1539280483739419
1563125297458566
1531125889829363
1535470728774859
1553082933957372
1554099120607924
1530000268472013
1556576314602447
1546785692629566
1542019550871308
1532339052536155
1554304519068054
1545362931723682
1533115852909258
1562668162379525
1556229849990578
1553729813757997
1530715230253015
1533802869202625
1538044051315270
1539280530784897
1557353157647247
1544102174472030
1531734185799285
1539276187261171
1562671955830092
1533549709571830
1536225694153622
1561044109372612
1530002953165209
1556447930773774
1547853218013399
1562755898061368
1556201367819562
1545237565503891
1542364426567965
1542020134162420
1551827283511019
1521890360372587
1536914078695528
1531129223082994
1563459993958474
1561764036142719
1532707983108650
1533549870563301
1563193991604745
1561025042023701
1558649075421659
1560879634418807
1559118972263886
1540551437023200
1530719274345133
1538043714721965
1556280054942069
1552046933291836
1539276998858066
1521887199221134
1541735695445671
1544147090595406
1562577111165929
1523610223412497
1556748380521393
1549935840220415
1544101314091411
1548290047305994
1560780192767116
1559597971634157
1563214570699524
1560553897686083
1562829522944461
1563380860968497
1531127523574967
1531298684956143
1529656380783745
1557266598659003
1563265772488330
1562160291256147
1559312277371367
1562950602135182
1562101381032915
1561643334975014
1546622317723161
1534408743257113
1560294524917985
1550704920166237
1552490314410005
1544525066680841
1541786394180929
1560779382530557
1548855481414666
1561211476402898
1535469423547008
1562670360272403
1555495707429451
1545201273870349
1536744392109892
1561676989136409
1557914324317962
1534413140909696
1532962898742214
1545957130561971
1554913016522536
1557266732091543
1560863154647011
1561159176322728
1560255731816443
1556532681653570
1560775731695422
1559816334574110
1552777611830061
1556661842562170
1536833540081713
1562368005423198
1539259891731333
1557485080223504
1555107053641445
1552951261634111
1560557251974845
1531389536850533
1562254008192735
1560967564620698
1561504216699512
1552049185963367
1546866981601829
1550180879991703
1562672262490117
1527756015021792
1528275136626370
1560208051733359
1562666903835789
1542073770173136
1550272774318064
1533125546989525
1562149498654881
1557994881569031
1558694508070830
1562328321694435
1531385233547414
1562594317394104
1562862937702760
1562175168588620
1562830312459975
1549046869088475
1550618927269531
1557267117168039
1561931913909342
1556575712310231
1563363348027227
1532336806261494
1555599917692772
1563175034413986
1554415426273254
1554933973571904
1550526720493341
1550704643768939
1542366095564942
1562123585376617
1545367443467777
1553382798401403
1537803528723841
1550185823010435
1556575624826837
1539851376522821
1555059145958131
1562323442095620
1530004306607754
1561537667539969
1535474936485316
1531386684357477
1546600042430161
1521885978967836
1554501900229290
1546610189270452
1547494487196910
1547536808257241
1561504042074633
1549326889069410
1556834952415584
1532080540367411
1550618219500098
1556810296199290
1547121856146925
1528100483835814
1546567591245078
1528966682314003
1538127749165148
1544563580430336
1563189669782334
1562159468233749
1524128694169982
1544124177381042
1561572867684190
1553039294486573
1552492151788295
1561486035179803
1559815652186051
1559053602187736
1556143421443700
1553816343516934
1560208225709632
1550015386005391
1546910671251535
1531297548773793
1541029541723030
1551143066362392
1553914939520400
1560334694383244
1563182716115566
1559205362469098
1537434257750191
1539938612380062
1553383352782170
1561731343191374
1558044406981219
1561042828923335
1538553971378564
1532507757588073
1560536117964000
1546303630801956
1551447449466816
1562895395058606
1560766874229681
1544597014679183
1562940793713582
1556719359936292
1551709051214507
1553815421687013
1550531327932733
1559311398710834
1545349107694193
1549124417926767
1550946026431383
1523453313072875
1561459158579307
1542061039436782
1525335436321446
1538495228747631
1555525950615131
1562972780608905
1547859615857171
1552518111908274
1562606268236272
1563366277992295
1559117883309663
1545245770169929
1529053067131465
1562837310279487
1527499387043900
1562251201462659
1530001137185802
1556114952659063
1548299628709326
1537799668173427
1560899456670889
1562918806068541
1559685873022801
1527254274885347
1549331070172833
1561359925274952
1558454979816835
1554965624649184
1560360164744235
1557266761631938
1561379251683246
1563399228239938
1555600144936998
1541779294735330
1557918290935509
1539274031165383
1562757859443973
1537432592152743
1555493824171742
1561410270866874
1528965670083463
1531905080367911
1560294411772642
1531123454849205
1562753768855951
1537523263378862
1553267232238216
1557827540923779
1562323622029217
1557397068027007
1528101890301788
1556201806545588
1556832466566751
1563270955230954
1562856938567446
1528881747843427
1531383338139633
1551310482982117
1522940548952237
1548858519155004
1562857604191669
1553382567751186
1526377603360772
1529587088817859
1563040719220942
1559685795425819
1561469004945107
1560761018909066
1540545101014404
1548462242333309
1547500950375375
1530718199221973
1542070016448777
1558454740349041
1541775500344099
1547491678355990
1525163069010718
1545179921363521
1528792446362504
1521888010670137
1533549984717991
1526459216104167
1550703742562011
1544490691518496
1553643524254212
1557266826297089
1529916186270994
1531732477104156
1548732815437681
1555601324711367
1532336631462762
1560165058455172
1526286143739611
1560846735051225
1559814478286658
1555625233257501
1563300723891322
1563459825357705
1563459616412511
1560899309280225
1560965086574708
1563186690809250
1537808181372299
1563405588705150
1547856768924048
1529485606785395
1559203712466716
1529586092837341
1546912225497127
1563435802945753
1529405960340546
1554156274845971
1540913224094077
1562253387150769
1529337170432401
1544590690600516
1544490006074797
1541739025838324
1562163652502158
1531731076066600
1554761437585438
1529920186660709
1558106719388745
1562779460521930
1563324675360938
1561763090250160
1544471182830822
1559214345200307
1563361389545354
1530721958773549
1548939376767923
1562664843492936
1541752879020717
1560244507741951
1551632549355288
1540554044978634
1546646666266316
1562743710913958
1559314990973248
1561459816901471
1531819572777877
1523266880327088
1560244789503004
1532079191646420
1562154696322976
1553773552539307
1549306175196994
1546644775207925
1559029716107778
1562937430426719
1561538414116887
1563359387818450
1546533011005195
1543941015370072
1538129146906173
1550704059567361
1561158787545701
1542271849852397
1562766267565285
1521887008589275
1560512054464049
1562165406400860
1563454712368956
1547648400689992
1560937915431475
1563373553438456
1556230181297663
1536915754261998
1551142744170573
1560208086508529
1552489487860418
1562713378333500
1542628266346130
1550618610840937
1560344923691945
1556129419444883
1559811671023730
1544579661860589
1532075944071304
1543835498664318
1530714021105906
1527494770658778
1530178836609488
1551803522920030
1552777753331050
1561158452103588
1552952753484254
1547127139697725
1550030321221086
1562241057835520
1555053682506569
1551138463953165
1549595703309398
1553816062595259
1558455656553302
1563458135578125
1526380774598618
1550018849270370
1556370312244711
1549638461245220
1556143818085627
1563322468802967
1562596302550277
1554394116249272
1556748155336860
1562251296823856
1548817947090027
1535969677546713
1557995625859844
1563136175288975
1562232475762024
1539684831718092
1559723751899493
1546657264700002
1545181597072485
1551804578340669
1562750566228647
1528445989551575
1561120258118210
1535554157589357
1563394106302213
1550023750246237
1547699190037298
1556635251323076
1548768991578542
1530721310770894
1562669897759759
1530868586574615
1527062546211741
1546613820183282
1555020070177717
1561159932113130
1562753880765039
1559550300375083
1526642674464393
1553383600359987
1563179698866182
1562120074525233
1560246461703406
1553713080852210
1550186381876613
1556367232875095
1532337841791115
1530716774938763
1544175330090490
1563181807070490
1557878521515340
1561676687751962
1556834637856962
1562367831480448
1553729892492284
1528189077578930
1561394308050166
1545434794242785
1560346958204833
1560168544403277
1550239046189896
1551914169656231
1550149735120500
1561677320412046
1561677784356465
1541791599435672
1563181812923840
1557958036812158
1556143913325464
1561677523218356
1562864694267516
1545370114950105
1550020192489755
1557243381345876
1560812646472439
1563458768682111
1563402303900778
1561392946285939
1561460481960305
1563404356194614
1557439358487317
1521887742022278
1553211393665775
1529487256031443
1544111264159688
1544149908943752
1556662063708955
1562172944914352
1560557297458183
1550705561817293
1536048595683301
1556921264361976
1563318467412162
1560842203922757
1562022653425092
1556834600457327
1556748693716615
1561504967024308
1525082483367704
1547524465502927
1559300545342989
1562195368854788
1544091528443914
1563456653391194
1561016723687682
1544531750657780
1560774639311554
1557300462501890
1544589007290086
1560294503804568
1526458695535818
1554671873200261
1552518298269888
1553641402279038
1561677391172362
1559812659124870
1562109047778565
1562248234508219
1550117339094264
1554394284552234
1563458697605019
1544587782660077
1556115126535048
1551828222946290
1560899439597316
1560931202091472
1560780281354032
1553209692422781
1535736119182914
1562662334605388
1527499086599053
1547777189445613
1562743081939525
1532942238733081
1561053174916880
1561904232153496
1562925753331814
1561456025697619
1562667211009802
1534150182100848
1562857340994822
1546645514604033
1557846356348533
1562233440887532
1530089020593109
1557991148638872
1554452713611086
1544110976381259
1562765091695706
1556921127360108
1549667394801494
1552490256211866
1544098989905422
1561677754832693
1560951575276245
1553952610378359
1538410329102552
1560161926040320
1525435506807447
1554495852734268
1535477618669404
1544157758983752
1529916243239859
1561159757658920
1562672910475536
1542066400092692
1535616201829350
1553125486866050
1553001062597890
1557267006085906
1545245229197547
1560898945165774
1560856046457870
1524729782795958
1557353477686503
1561568571235691
1560898993983334
1539640109712613
1541714911818011
1563366547424657
1545440688914041
1548508597908499
1555625216335514
1551257169519771
1563181381023204
1531470479704760
1552605253405530
1526284861360470
1545435366192357
1559311344638832
1551193306288758
1556817160022276
1561159750502992
1545438597259169
1556920957001402
1524219559189916
1562800140412108
1561677743942496
1530174577444854
1541739744724755
1544090579697659
1560419615958628
1544595311331243
1532964371823941
1563453592797482
1548730169563805
1560812583680416
1561405532860103
1557525914566964
1539603566009790
1539276395294147
1531734236016507
1560165127190909
1558455460113178
1530779738298724
1556575716279432
1556057206374098
1546650127890482
1563367021749387
1530782333518314
1562843016484470
1554737586739562
1559311847747254
1552064172732980
1556921041915912
1544508940989927
1562577573723397
1561893504686467
1527499598747968
1557234243863776
1556717486085579
1548729264584039
1561153574616005
1535727141585653
1530005083035002
1557243911501568
1542074152561559
1562664102356756
1558563063408745
1559310954152407
1530174992448407
1553038572349974
1556056872735855
1556229697800507
1560448414909268
1552518403316186
1551913489046164
1555106595022486
1556815833360040
1535966415846546
1559741747689430
1551828346469377
1534148763169950
1549062865300798
1555366031781083
1561955813944281
1553297647575175
1557390866583248
1553124841175273
1563261244155375
1556575366741343
1559723845860428
1560294637937490
1554462438996936
1553556103655098
1555600915860351
1554398170780130
1529919591635496
1562251926179190
1542039802853813
1556229824658901
1531299627075157
1544581637284860
1537181052294095
1563400698941571
1541722141067226
1527494931026519
1550532546289483
1551142213758890
1552518099432966
1556308236334333
1535464296799133
1560950438557544
1563276786658081
1556575669695949
1543604096266052
1560248295307545
1562571869099901
1559299679508359
1556229902989434
1557353395505488
1549481102967443
1532339026424157
1560165976322025
1546903907835080
1556621969772366
1557352955041785
1556921072773065
1563404991162471
1554459224399218
1554996662000022
1554415466974456
1556834876567320
1524129022620787
1557439583490821
1551224336293748
1549928643913120
1545953424424075
1559081346761979
1532077233627549
1563452941585549
1556576172126133
1561638062203357
1544173511297190
1561159368618388
1560898922133050
1534326630987982
1556575933684810
1549324821317690
1541740344934703
1544161598409366
1562742583895292
1556920967250635
1547771896816398
1552491515816370
1551539039093438
1539605038933663
1544506669630029
1548819846896918
1562244285744076
1546304583242834
1555365874799434
1562755299396900
1563355880999425
1556642462190377
1544536035866593
1557832188643358
1562231432635588
1529583291217409
1557842883256752
1525252916679831
1541777882358044
1555600727834214
1555600821732090
1544077376225941
1556143606684862
1556575542234452
1548422573315770
1563267817750724
1542270402161741
1548806124949758
1563366929143982
1563365302844125
1556017968930867
1544595879268738
1558373014229897
1532507992676311
1541733702787193
1549326265431200
1562754746405653
1556057066855202
1548851729289184
1547266309837107
1559907973674244
1532962308710520
1562597192284605
1563282680384592
1552491641108049
1529052626094669
1560515623833941
1559029891711303
1552654904447640
1531990120681620
1532511505104274
1551395210457854
1551482391729598
1561542885629659
1563401512626547
1553731331117449
1524647757953453
1556661953825978
1550272630499751
1559812911340868
1554393772192503
1554934836122919
1560522794152523
1559340426834167
1554458744847979
1562075736041427
1561463157303891
1549672405631252
1556748271239907
1559599635082997
1559727250035145
1563318278375640
1559725901037296
1560032266913444
1560517522026023
1556542526052847
1544565761195190
1545220336324003
1561358889329927
1540520088861739
1561646608525274
1561043321091430
1561463710412601
1556642218616469
1552491391302875
1555600153999499
1548215755475754
1560208230367137
1533549832949622
1560181865168015
1563454344490632
1522940789862863
1562242638475943
1560949616388771
1563373974758938
1548375351266542
1561798097858565
1551741632381844
1544156922889523
1544133519424576
1551395199714366
1550186517201892
1532335211872218
1532074055929392
1560855201403216
1547266995280968
1539331509180508
1563107593625932
1556230043583383
1561027069550004
1557871597749901
1563373249517275
1552777815281608
1548725675585086
1552492823886154
1554817213432433
1542458250484733
1556835054813501
1523452274477289
1553382094861839
1561158519679992
1556202185965033
1561024350973961
1531473680561540
1534843101017909
1547509541253702
1563457503897919
1556748180761033
1556921275456567
1558563190592460
1560169543977030
1552693403254750
1561676695396602
1561158457496128
1560208028962289
1561677487151809
1550530977777091
1563375205453460
1560501206723279
1550832155342429
1546041110539361
1549516226663293
1551309213878750
1561503989063716
1539279423175080
1548984980917886
1559655685486544
1561676935044475
1559311669362026
1560941191173561
1549676162139730
1552490281224835
1561127258864735
1561359089533409
1557353386016792
1553915034315646
1561676728486529
1556189484747289
1550031744505709
1562166938498703
1546534500605743
1542197690778847
1549324646367698
1563185496166204
1560249574662121
1554242970395618
1555366212830063
1555365785031257
1561159702588347
1541775624601465
1547265974322304
1560557479037623
1560772500108216
1548848145000690
1561677518050046
1562108622145869
1542062245703478
1546647215122174
1561158933857059
1563351190308415
1541811532111873
1533126774586520
1531211352265846
1555366153329893
1546904829372608
1542615986327607
1534148153654314
1560522061860022
1557266958878045
1544127954753077
1550829289304341
1549934751997871
1560812525854244
1554128567599094
1553123456185882
1557353505560720
1560207704048678
1553179638259771
1562587209109499
1559825705115551
1546908952462748
1562172451475821
1560507235491127
1562165429232068
1544511462354629
1544067784774945
1553382925741325
1562022460227426
1553211395827480
1554396188522783
1541786166601169
1533113977831671
1556056880915366
1563403562199607
1547773204805642
1560443269468346
1562149088697910
1556575339770577
1550703937231661
1560339169103183
1558649464967759
1554455184740235
1558476580927107
1537176543993172
1555625227622074
1560240679263519
1556057053247595
1560857482682013
1561159355635619
1553296779162562
1545959893827565
1548293383649025
1557785313893464
1561380896820995
1562676376710401
1561968706405161
1559546840901396
1533114568798196
1530779447431988
1530176486787422
1546570819023582
1533116151551817
1559568318471215
1543941397447159
1550836551240988
1528445303757411
1557266989896743
1548993942648521
1557266877832289
1558942596636255
1560812803770658
1544580230435945
1558454853151465
1556748178697470
1560860653971181
1558816855784545
1560765491629265
1550349763130690
1555365965802733
1544122296132692
1551222365406769
1559081493883931
1556662180506431
1559144540580288
1551914763206201
1550031109953239
1556547426450678
1561638861265235
1556748084477926
1563383910459368
