1574255118291974
1568213899769989
1574332557673168
1575454404120836
1574326905860592
1574324642705782
1574874752898934
1574872053017865
1574856383565883
1574782983455376
1574782380701356
1574502580378932
1574512574766943
1574499262077868
1574497111381598
1574161153257807
1573298542190165
1574149988849336
1573905644807427
1574167135090935
1573899161574926
1575120523648516
1573825277334285
1573831984070360
1567604822775286
1573810977289831
1573819708196017
1573807248259882
1573811698236176
1574344092824834
1573721827815594
1573807158399694
1573805949585290
1573807841066551
1573809803407021
1573735141488391
1573567797788323
1573729910891232
1573731372445481
1571990314517078
1573657036687590
1573649183998813
1573719224639500
1573555828487627
1573489623753761
1573299591703445
1573139933439722
1571136133533256
1564139798353472
1562924050472546
1573484221299499
1574335681828632
1573484367836906
1574186035082388
1573303937033051
1574512461914325
1574508580473631
1574504088769034
1574502996903828
1574501188424684
1574497508252337
1573813645251530
1569422045496822
1569422045496822
1569422045496822
1569422045496822
1569422045496822
1573749868370666
1574183516591300
1573831155140901
1574179249168622
1574175928626302
1574247306129199
1574170914263517
1574438716200395
1574701426012511
1574698549230535
1573726284062606
1574507741069726
1574445187844528
1573656169279837
1574437303872525
1574432894442929
1574432339454539
1574431326033710
1574428115687029
1574410828113808
1574427397351049
1573550295470065
1573554325817766
1573653947272648
1573480186637046
1572348145503370
1574786310433899
1573298283953870
1573834265063476
1573120700201024
1570691749123265
1563474125983050
1573719187546916
1573808183066365
1573292672521513
1573139911622190
1573215838299948
1573831389408041
1573819497168052
1573723804336008
1573725217765004
1573722468787696
1574256015660949
1573209385929312
1573825114913465
1573827098058127
1573653414382912
1573649577176125
1573557447322516
1569496042863515
1573558564120386
1573563622629352
1567069350508485
1573637675223675
1573638546105042
1573642497958441
1573217377377069
1573214332758970
1573207415846068
1573055227429247
1573120620972670
1573496597340947
1572701476893507
1573658104116009
1572426442165000
1572362715564969
1573556521752838
1571738503359947
1572006742617510
1574245969193585
1574790813465648
1570703504862290
1573721485057679
1573654270436388
1573482515032295
1573636481789119
1572951975407305
1572358641243884
1571496821220149
1574186223444192
1573636360477869
1568725418621813
1573563733624326
1573655207467727
1570195599737851
1574171945419581
1573650674248189
1573497131160429
1573560129176812
1573642225711666
1573552748776890
1573553422399553
1573303687171168
1574103136134448
1574094930320152
1573901737652549
1573904901303725
1570803715355744
1573918905609275
1573914601015776
1573911188031986
1573905865920198
1573213840960904
1573903231889981
1573227996483354
1573901548079593
1573901219291972
1573140868404525
1573841495581482
1573124301113356
1573658071969901
1571157596300280
1573656350859553
1573651086538852
1573482133436688
1573555540328620
1571903859851331
1572101460170071
1572075537203208
1573312380040661
1574192629457259
1574185398194822
1574183376711675
1573482613944557
1573298640800541
1571676615583360
1571733818422613
1571478017038709
1571127631726138
1572013662291151
1573142101882731
1573479869620816
1573314717130603
1574169797196323
1570794616823171
1573294085762940
1573480583533376
1573479772392479
1573469981808548
1572885012944369
1573484003307908
1573472741223701
1573299251363639
1573297460114942
1572955899245725
1572337582450393
1573043010639396
1573041787496255
1563796386426167
1573120679971078
1572962736943124
1573040564278233
1572951326769833
1572535570229683
1568393178259207
1573812869489917
1573818798274288
1573816417515164
1573810276301535
1573810121013509
1573808993962753
1573808608512472
1573758518241912
1573757661182113
1573757288639032
1573655510448745
1573648616915881
1570717392542681
1571993443135242
1573809017149492
1573725555490322
1572969383663749
1573048635378221
1573215659149438
1572691997261112
1571666942587697
1573214955274008
1573209739489997
1573724065623258
1573203233774251
1573723679682221
1573722819445267
1571299328465542
1573719436647507
1570725638945212
1573123063110121
1573122719099530
1572258120647102
1572081595697844
1573121949839244
1573043984162946
1573639882417264
1573033760146924
1573656980801934
1573658633138284
1572951687600866
1573655827229036
1573655569144062
1573653890941132
1573653463772245
1573649752922244
1573122787348942
1573052781819756
1571826504544722
1572873680214240
1573637902612666
1572268185553772
1573639853192078
1573638272581994
1573634812425834
1572857560129107
1572427442317682
1572867326648803
1573550752900406
1572262357873431
1573462993777520
1573553629608350
1572345208233390
1572683003217691
1573303797579292
1573549930913299
1572351875923214
1573636263479087
1573893351314961
1573213176327801
1573636625548462
1573216440695267
1574102010992855
1571901475624462
1573643398680803
1573639516183266
1573307720999899
1570631507206001
1572349900221117
1572349165935864
1572284555225842
1572270793582557
1572534671141624
1573637442642835
1571641971809577
1572432886232199
1573636055389239
1573550296480592
1572967532740269
1572002046981561
1572076703178265
1572006127552555
1573032668040221
1572250662318275
1572365263033808
1572874600825099
1567504909577367
1571990004665658
1572006980825858
1573308467186864
1571992857565597
1571929703586062
1573300794519925
1571821194825390
1571821165646239
1572520045678896
1573040221390017
1572945040178560
1572881994677069
1572875465338524
1572603101780275
1571902056009313
1572536282668382
1572533736009180
1572524741127778
1571642286337205
1572890964643969
1572970387874902
1572003849319983
1572950381271552
1572353276582599
1571316001957858
1572609343499319
1572966829257912
1572967098238377
1573559626497812
1572346114345914
1572961298337360
1573306600553263
1573554225143867
1573742931608220
1572602385908958
1572355447316591
1572429201730550
1572431525880806
1571384664425753
1572687915646574
1572874892147947
1572690059989230
1571306563910809
1572345983160776
1571305088654785
1572702848980899
1573310190430833
1571150070282678
1572706644985218
1571131839785599
1572687889836086
1571130723398428
1571160051176773
1571157785521084
1571135563838607
1571132768818724
1571132632405054
1570869412051845
1571129618178119
1570866767293857
1571126820932440
1571126643594781
1570805426777066
1570798717368739
1573040388891534
1570792915422919
1565945920430627
1571131045160066
1569406286254081
1570799246269372
1570790737343859
1571139512889398
1570790905532838
1571066380070423
1571905470010742
1570789989799511
1570787169347754
1570788475012595
1570785977479678
1570731978593620
1571840443958406
1570720515495902
1570724130045753
1570721098786188
1570720888589398
1570718216544812
1570699443238446
1571821862339278
1573206998088874
1571744992118760
1570633382324545
1571742983896063
1570718550017581
1572343091236836
1570725885166181
1571216755358438
1571215780562584
1573556594317493
1573555524489166
1572690892278049
1571921416758385
1573302701277084
1572683766807563
1573503603670892
1573497341502196
1573495376080369
1573553420991054
1573117580240130
1573212304412931
1572348177322384
1571496214297902
1570703524724041
1571921184173148
1573754870999106
1573553609013688
1573484470334450
1571319938897247
1572339692913716
1572357293841227
1572338058800889
1573724037999901
1572366547909094
1571748147220066
1572099892032879
1570730541663274
1570619073822210
1571385028683706
1571993665112341
1570705122453972
1572360825250131
1572267677257942
1571927257481201
1572074857916721
1572431137096981
1572603323375995
1572533848536393
1571910411419085
1572344930366230
1572008878392322
1572336855343319
1571929624836547
1572957432638846
1571821030742387
1572340132001054
1572443192394136
1572429785241115
1572429484963365
1571991313315803
1573648376041969
1571824367556735
1572360649863945
1572370132911341
1572358112611106
1572349504499614
1572349242167481
1572251793379079
1570554628842829
1572008515108255
1572690049832847
1572343477578694
1572359001732821
1572685999840204
1572345088230722
1572346611004790
1572945957098033
1572891267778106
1572890493910160
1570207562202191
1573051455535060
1572526606068385
1571923742331093
1571820491622872
1572096074683032
1573215375946653
1572954289345203
1572004623545470
1567164219909519
1573049044770867
1573033248763878
1572363783984808
1570535332667420
1572952195153398
1572697309252277
1572697309252277
1570610095037143
1571493634495638
1571489428600342
1571477568997263
1571476698091047
1571470790574562
1571480626795943
1571393974688497
1571385299469447
1571393377845462
1571391034328161
1571385725402988
1571331552800480
1570700044784646
1572602947094867
1572602947094867
1571320216850601
1571308312779899
1572522893339142
1571312120247453
1571044993136014
1572953602940989
1572977721892326
1572337408864421
1572284860289764
1570884407131668
1570870922994391
1570781887466228
1570729297033583
1570703588406477
1570702566619135
1569495683060605
1570795709249489
1572529435434349
1570800693253313
1570708926596814
1570703625460289
1570703541607450
1570703521034139
1570703457882899
1570703416773809
1570703231368074
1572430789255473
1572430333878770
1570701779672527
1570701238643044
1570700840338092
1570640440127489
1570699589020400
1572351011088716
1570641895881992
1572004982428540
1570629006634095
1570640383588416
1570640182379835
1570634098783073
1570635764386489
1570635194028677
1570635986682657
1570552514459765
1570611741891560
1569320299405012
1570635696456798
1570635658431540
1570638578220191
1570627455714111
1570626857404248
1570627902983475
1570547114986217
1570530854691734
1570191978233059
1570183035594037
1570006811059752
1569862424542540
1569322796665643
1571989265159187
1572607480812005
1572255414638300
1571997351480300
1572013354281759
1571132976498780
1572008627081242
1572003837218007
1571990968434844
1567519615384163
1571820485167348
1570641377588024
1570638250456238
1571752591900447
1570634151535642
1570630051815464
1571739462178492
1571741641826611
1570619716895532
1570635537501265
1570530678574231
1570704228200189
1570528621881208
1570548454619418
1570546454941790
1569511779178042
1570623129808561
1570523764507538
1570521744470827
1570468099051697
1570273969200386
1570193724806642
1570189584529670
1570180641475361
1570033471971779
1570179541974754
1572283809360306
1572361472614165
1569492513860031
1569399312808030
1571479250213470
1571494916671151
1570550840398574
1570276829371149
1570634999013893
1570611212072583
1570629504655394
1570183889921344
1570623838724026
1569493848370860
1570189082329557
1570184680210119
1570018702188301
1570017301622611
1570013781967824
1569511004085632
1570012591643898
1570801820155983
1569928550426921
1569924905422178
1571131913179081
1571821191554589
1570780478273100
1569923986946824
1570723218876170
1569924738751124
1570642738496113
1569926195391542
1570538242834833
1570612329316921
1570616467118734
1570615956754058
1570615906605806
1570615043373474
1570613998865081
1570526964820031
1569334764302471
1569862107552956
1571301582527239
1571216038356605
1569918175637960
1570467676747909
1569924108157381
1572270526546242
1569922440299291
1570700593284436
1571744038531000
1572349148827063
1571742125413280
1570548988453474
1569920624848826
1569863898477445
1569509692011613
1570540790772910
1570538218247937
1569505995398962
1570271762565435
1569505930752547
1569504854370014
1569497419414288
1569497232295385
1569496850383424
1569496286928123
1569492570711564
1569490200382897
1569419555210528
1569414194124214
1569411398060210
1569332334656889
1568988139796591
1568462177707050
1571140096035507
1569408873724815
1569400078259564
1569403837341574
1569399799272049
1572010443712695
1569339887814864
1569335607088144
1569334135923120
1569324552013216
1569330444771812
1569319603998274
1569054260243512
1568739467712100
1568727888740263
1568448736221758
1570634763974122
1571135035776617
1571075059758689
1571065170264980
1568795736197796
1569323032045160
1569319591648741
1568984939757982
1570719591871432
1569050310017286
1569330406107039
1568974171729815
1568794842583940
1569486499779686
1568972198927396
1569338343127747
1569333007911452
1569420503422926
1570716289473430
1568971113673390
1568969648460622
1568892559109451
1568892277244408
1570544428862101
1569329158881098
1569412000459139
1569314568356246
1569402254040123
1569055925589777
1569330358243790
1569259807550028
1568969619153768
1568717542388856
1568893800243784
1570779708257057
1570879044391352
1570715138061594
1569491219932870
1570649008300883
1571743365072844
1568738476818148
1567517272501517
1568712421324999
1567680597905373
1568382709621019
1569509997782702
1568714298573385
1568463005368032
1568796678278800
1569323652092369
1568461854856636
1568452393180273
1568715003915852
1568461921377228
1568375141618080
1569425168560746
1570207230234097
1568366741937061
1568210433093496
1568209834331778
1568209400481130
1568108865302130
1570609637665346
1568462261658839
1568106402765991
1567697253941138
1567675043180548
1567606270418368
1570554981077443
1568111718479659
1568106852653788
1567684760521074
1567684129402735
1567682635083338
1567681639628684
1567591337338983
1567677793008978
1567590219938928
1567681811689967
1567595612382707
1567679751747217
1567525127454220
1567608977964215
1567682748194170
1567520083202846
1570880648751785
1569411096169917
1570524705598941
1569313169372453
1569230557909425
1569230557909425
1569076794956046
1569076794956046
1569072508162187
1569075275075425
1569063669257734
1568036515652804
1569396141099443
1567199655796483
1569237095226055
1569340277417359
1569064204509993
1569331957405822
1569235005842797
1569312964231161
1570545000342792
1568988674962970
1569863710593171
1568910901404014
1568990220010619
1568987688341130
1569510472641579
1568892634689741
1568884323544311
1568883641017687
1568881581357956
1568804454503191
1568801029364174
1568795369584088
1569058788238268
1569317231810937
1567695998390009
1570210734991683
1570286986467374
1568885372770871
1568986935084329
1569507416759335
1570547915746638
1570547915746638
1568987693500878
1568975897574476
1568975878786859
1568900271247200
1569236179957585
1568727576885511
